4.715660576249300462e+00
4.450531434650724094e+00
8.491855004827590037e+00
2.725313153252316933e+00
-6.035171064624608839e+00
2.701215212938305132e+00
3.657120795832736526e+00
-8.294345775199866821e+00
-5.655271611192778103e+00
-3.096900018640053709e+00
-1.588470808592391492e+01
-1.833600059910870161e+00
-9.151184759899276600e+00
-1.525610733795408080e+01
1.253839048229898445e+01
-8.116824148687264540e+00
-5.247485277805703952e+00
-7.867074033328833593e+00
-7.392388762974822392e+00
-5.095431535491913522e+00
-1.124536742212794849e+01
-1.376277868875283694e+01
6.791687548064963664e+00
-1.431530528738445085e+01
-1.198826877030223947e+01
1.337959752019408022e+01
-6.174638383092212912e+00
1.164648390382565069e+00
1.748136098048387543e+00
-4.468365645192717395e+00
-1.267114982396738032e+00
-9.958813750614822879e+00
-6.421578118805104651e+00
-6.226926353872919151e+00
-1.159760636295571778e+01
-1.006260520873778752e+01
-8.482231880151635650e+00
3.618341243609525915e+00
2.205488542945878372e+00
-8.399005832017286011e+00
-1.671511748490175364e+01
-5.909138858987575738e+00
3.471388504381983431e+00
-8.005568382328467791e+00
-9.914754468334091797e+00
2.715093973476192968e+00
1.332877862315434569e+01
-8.353218527906479451e+00
-3.898406580483488426e+00
-7.991043618331940657e+00
9.341088020552826165e+00
-1.178708119612629446e+01
-1.089277923520950253e+01
-1.397946002641502794e+01
4.756188066468232556e+00
-4.680850428985316114e+00
-7.590444798191285258e+00
1.318959269722191152e+01
-4.994749848786456781e+00
2.876992893692367659e+00
-9.251024873691273243e+00
-1.182811518716770571e+01
-9.211121558542645360e+00
5.331250524395483303e+00
1.694545276435498238e+00
7.091954528762649534e-01
4.813088392093511025e+00
-1.022125218883215148e+01
-1.375251597270237802e+01
-7.503692635862325488e+00
-9.376604015190412866e+00
-1.200442795681521702e+01
-3.518567586436784911e+00
7.830523677358091739e+00
-1.388897570296448114e+00
-6.041494143637224035e+00
-4.956130315104416262e+00
4.696135855349425015e+00
-1.209098506279966756e+01
4.406482044783525787e+00
-9.812483671617517444e+00
-8.799210728083274091e+00
-1.958735234711142192e+00
-1.302086918284647510e+01
-8.815379548127307174e+00
5.393692036831277292e+00
-2.067625871724485531e+00
5.696191801189015358e+00
6.837918246675070977e-01
-9.802721370580623983e+00
-4.772309149225119285e+00
-7.971392999346170960e+00
-9.207178376612244364e+00
2.175866573924742919e+00
-1.055442772271566376e+01
-2.866280806196542574e+00
-5.222714442860155515e+00
4.248791873519460083e+00
5.233434940532751156e+00
-5.978863020870853084e+00
-5.549819223283469327e+00
-7.699194470557257475e+00
-8.343172903511762328e+00
6.837981116488855093e+00
3.628884562635757316e+00
-6.001441797985041404e+00
-5.888746739079240733e+00
-7.031449663323726007e+00
5.777158429547546881e+00
-4.615305596539613919e-01
5.697198496354846320e+00
1.471456210541521425e+00
-1.879882713936790140e+01
-8.694229558225286425e+00
-1.483485719956453841e-02
-1.012373216181746649e+01
-8.269391308473114321e+00
-2.610836019764542471e+01
7.488784403723565575e+00
6.386641061771681116e+00
-2.462006993214532002e+01
3.406668116704811400e+00
-7.415564658859934433e+00
3.105707259519828956e+00
2.646975344170468425e+00
-5.515141545151577063e+00
-7.240679014916100442e+00
-4.549298753350010216e+00
-4.491954551609112833e+00
-4.739831750055451209e+00
1.283135258770927933e+01
5.104985065046786730e+00
-6.420394132640768525e+00
1.587647257900667075e+00
7.001199132047068119e+00
5.663220213000219161e+00
-9.738020705007448541e+00
-4.755604546815134448e+00
3.662325388040779117e+00
-1.117556634258770742e+01
-6.649062056115853103e+00
-1.388217666628026059e+01
-9.427404376682147813e+00
9.977533501860683662e-01
-1.257046781064560825e+01
9.086366698954229548e+00
-4.514580907605727944e+00
-7.773099184673061046e+00
2.251835108310251687e+00
-4.756513143656416531e+00
4.137049014840503247e+00
-6.779270789851691958e+00
1.571216139866695949e+00
2.071934092743248357e+00
-1.282452347389334513e+01
-5.323698546897441375e+00
3.530015873264564341e+00
-1.176091340911504446e+01
-6.148943648701161280e+00
-8.021247056280547127e+00
-1.285590599071571205e+01
-1.363119227965323255e+01
-8.406962606878202848e+00
-6.885966938191134368e+00
2.173316299840221344e+00
-5.842021143042380515e+00
2.716196936601980472e+00
5.755896457440123903e+00
5.534636426437907986e+00
-1.348546225227240392e+01
-6.335062897711152274e+00
4.039636914138945656e+00
-1.051098029465593164e+01
3.647742198356880294e+00
-4.772443869680145667e+00
9.920576688145494870e-01
4.757086379571173751e+00
1.231745454023276620e+00
-1.578520353643009022e+00
-1.439527953947429273e+00
-8.774904708626769079e+00
-5.257514079725894796e+00
-9.508220539462834964e+00
-8.486387889657750483e-01
-6.621375246533156123e+00
3.002880761715389202e+00
6.369690718948410435e+00
-2.408109356167492887e+00
7.919631956472045431e+00
5.464167950225004233e+00
-5.395071703180481570e+00
-4.558444455670471740e+00
-2.518083960552828682e+00
-7.826010382258907327e+00
-6.704454697018557008e-01
-1.497116260267454535e-01
7.854863212193446964e-01
9.229410305175848706e+00
1.201076777332317747e+01
7.895079233597393831e+00
4.303783852429893919e+00
-7.424378249001794217e+00
-2.920725505126350097e+00
-8.583396147514408270e+00
-9.038202380289105164e+00
-7.304493977608144561e+00
-7.170986342368006916e+00
-1.703111904450976377e+00
-7.621409812022874597e+00
7.545996317242286366e+00
-8.023391628502025696e+00
7.263318242419018134e+00
-1.196073044544368180e+01
3.432618271532158261e+00
7.919326993820170912e+00
6.230990166694491350e+00
-4.642356479183521678e+00
5.455501303090864340e+00
-4.321875529902673208e+00
7.819287084017735978e+00
-9.374552581115914052e+00
-3.037563831357552591e+00
4.621236196737474877e+00
-4.362849099008867526e+00
3.772948839181894609e+00
-5.664618969861451525e+00
-8.048409136654084861e+00
-5.132843123882774528e+00
-2.209566692711642411e+00
-8.612510028816682706e+00
6.086040697225424623e+00
-3.594168412082622499e+00
-1.060863809546105685e+01
-3.163208038009896139e+00
-8.975230659116451903e+00
1.256346632590229362e+01
5.165012314129943327e+00
-2.940355350309974636e+00
-1.707539479225841150e+00
3.738963294873475451e+00
-8.503221494176049333e+00
-7.126998772685817052e+00
-9.846755701392922333e+00
-7.951594022658574623e+00
-3.597487943495309537e+00
-2.032820237904472904e+01
-1.275798395644934224e+01
1.243892508466530433e+00
-2.522148549727862843e+01
7.847405808784746917e+00
9.423857243020975716e+00
4.692880351987663623e+00
-5.192858307683638763e+00
-6.843075945976669239e+00
-1.035125268462115145e+01
4.435213400765933400e+00
6.010485423486645828e+00
-1.063225843181083263e+01
6.715323634865279168e+00
-1.320321646324810949e+01
7.989100656506407994e+00
1.107707345094300067e+01
7.825553901284298952e+00
-5.463814764540082969e+00
-9.102987503449687878e+00
5.973631860205765420e+00
-1.283236558428791518e+01
1.165242333197773261e+00
-1.010129015407622610e+01
-1.411139093578812620e+01
9.269229552116629023e+00
-1.195440775645718601e+00
-5.120009311998940049e+00
7.926634550470634366e+00
-8.295184490080240280e+00
-6.803441161201965848e+00
2.872703366059523589e+00
-1.208157880867310396e+01
-9.646214730204835108e-01
-1.705811605631955219e+00
1.882653652677563461e+00
-9.173467985909704581e+00
1.732779717856173241e+00
1.397444980525686331e+00
-5.045813783099318606e+00
-6.473366053411576004e+00
-5.946444543725091236e+00
-2.668990864190433854e+01
1.960605698378832695e+00
-5.186466489813079672e-01
3.951211919527803929e+00
-7.513476094991989207e+00
-8.514702939032321893e+00
1.077622165155630363e+00
-9.098692862655544999e+00
1.118907473604505931e+00
-6.635686877130576811e+00
-8.167049799285766909e+00
-5.015419606785020079e+00
-1.107638868499057949e+01
-9.735868524001581648e+00
-1.998202434122451576e+00
5.912768751237085674e+00
-5.956891081579754221e+00
1.270859016108208017e+01
-5.401199681222879967e+00
-4.648096315720463778e+00
-4.935418336843610199e+00
8.300846234397409873e+00
2.856189981063160577e+00
-1.196617693065783961e+01
-2.981027928482467892e+00
-1.019091049384307190e+01
1.326969307935181774e+01
-2.047234790453097641e+00
-8.134768445599084075e+00
-1.143665088647373196e+01
5.078698519250053778e+00
3.524096706843979021e+00
-2.320030605458498485e+00
8.482541684486875511e+00
-7.630018327453289118e+00
8.590921274945293451e-01
-3.742266298238007938e+00
4.060529512523336493e+00
-5.286486372973320691e+00
6.900077697123207621e+00
-7.050880236867135054e+00
-1.174806785580377877e+01
-9.545003180751610472e+00
-1.831858560227133026e+01
-5.751563959085831179e+00
-9.263440018054184932e+00
1.925135525173310880e+00
5.628521099033449993e-01
6.461131648328718668e+00
-2.390999779260351676e+00
-1.493014108121731276e+01
-9.292781679345681667e+00
-7.479997016289700262e+00
-9.911606318510882474e+00
-5.531559989018649537e-01
-1.207605754374622897e+01
-4.216438873278423038e+00
-6.106574653960387344e+00
-9.183204639798935309e-01
-1.160681767857284363e+01
-2.895830474760797468e+00
-2.079243914141009064e+00
5.402330084248546882e+00
-4.342769504537805858e+00
-6.862757409639479889e+00
-1.875166351901707174e+01
-7.461399182515239481e+00
-7.144855659485823018e+00
-1.659797533556413995e+01
-1.670301174851344550e+00
3.057812756726546066e+00
-5.545587497540961586e+00
-6.739961028999285730e+00
7.995376131050730972e-01
-8.235398584233196928e+00
-4.763895626682506546e+00
-7.641922525451111170e+00
-3.355219825226765540e+00
-9.283118300237450882e+00
1.201033766594355123e+00
-4.586006554407413560e+00
-4.816833933074555318e+00
-1.109813397327201656e+01
2.777327890357631279e+00
-7.131227985066782793e+00
4.960124175377385924e+00
-5.017407686627281649e+00
-1.291140177334014183e+01
-1.674568631002854247e+01
5.319966830739152996e+00
-8.937316771808546889e+00
1.391157078865670194e+00
8.444579023393385953e+00
2.130082007141788747e+00
1.264894205712262076e+00
-4.576980250921169002e+00
-1.130249524426332464e+01
5.285363298570119106e+00
-5.529251192946319726e+00
-4.756337949844482438e+00
-2.969393727112259906e+00
-3.896026979197364959e+00
-6.653694489233425102e+00
7.990324787046110266e+00
-6.033255960703115761e+00
-6.751776038980925598e+00
5.278376169335680324e+00
-1.129095786890458264e+01
-5.631900325849835021e+00
-1.253064386062899338e+01
4.111274777514430490e+00
4.451619561995340035e+00
5.907815496351409568e-01
-1.222315309701520114e+01
-1.510332884520492591e+01
3.846539319491649511e+00
-5.258273617664662503e+00
-6.020053475832326306e+00
5.349617280459940005e+00
-7.180234627214273857e+00
2.028516568774108020e+00
-2.075497961783320522e-01
8.948875751560050773e+00
8.821820972955455531e+00
-1.199173300520864061e+01
7.082101738024205062e+00
3.558075498558155303e+00
-6.553068588783294679e+00
4.278933968044403180e+00
2.797412798420719771e-01
-9.111075214179399140e+00
5.848863091912530621e+00
4.934643701893044465e+00
-6.158750597899158130e+00
7.279990660477606568e+00
-3.582686275183500690e+00
3.664011036625842710e+00
-8.205145350201062726e+00
2.694944072254111145e+00
-9.764926254673669703e+00
-1.157284949460187229e-01
-4.198760918457465685e+00
-1.244090352828655544e+00
1.173852023219734164e+01
-8.595035917122052282e+00
2.869543773187932523e+00
-8.930259716602350295e+00
4.612830857176629884e+00
-5.534971191606834040e+00
-5.645917059674586902e+00
-4.692697306346827801e+00
-8.534698641007922859e+00
-2.459705902484952578e+00
-5.596943271162776234e+00
-3.765959486856428562e+00
4.303577395025360630e+00
-6.801949333309901036e+00
-8.068653325611919058e+00
-2.887869716921251051e+00
7.636719640207705773e+00
-1.667935657689063689e+01
-1.247220258779439739e+01
-1.308146498890689458e+00
8.587996608289403255e+00
-7.315425730364837342e+00
-3.346078633964053584e+00
-6.000282200607985672e+00
2.592222466933369329e+00
-2.299390554834734424e+00
5.564095702392717335e-01
-4.916340564956418469e+00
-1.497263840829648984e+01
-9.251764058241995770e+00
-8.901629648120708893e+00
-1.179092533168316770e+01
-2.058860264724232447e+00
-7.736775731847956195e+00
1.953231863905646515e+00
3.420336054134047732e+00
3.493395945149056825e+00
-5.282627977732230917e+00
7.627709128467404120e+00
5.664314058955967290e+00
-5.121583699395230838e+00
-5.230817503662895440e+00
-2.922523159128164849e+00
4.869668561488365022e+00
-5.226767106449044853e+00
-5.625925865448367702e+00
-8.699265097987030515e+00
-1.100126118150677179e+01
-2.883269091235133530e+00
-4.837331044429949323e+00
-6.095586804278661397e+00
-2.351512087438291321e+00
7.594866575744330994e+00
-5.155877103262338640e-02
1.059267444703080230e+01
-7.265707353456853035e+00
-1.395469107489110350e+01
-5.004039240694755364e+00
-9.661634053450389725e-01
-1.075267988224101678e+01
-4.125434113340089581e+00
-7.473521908619969345e+00
-9.533752580378024533e+00
-9.692290009876218804e+00
-1.185899641094412793e+01
-6.291324985879490406e+00
-2.742908172898976371e+00
2.500025540968122684e+00
-9.367846251720283846e+00
4.923505948330515913e+00
-6.176874578043564767e+00
4.549534922448519758e+00
-4.642752676788658661e+00
-3.936142045738556750e+00
3.235156060329806404e+00
4.018621972787541630e+00
9.759221178773449523e+00
-6.968163488383068760e+00
-1.206562441328503787e+01
-1.923095900308282369e+00
-4.548204850739351102e+00
4.086605242228675827e+00
-1.145618394727299538e+01
1.493128908746118633e+01
4.558952876258723919e+00
-4.260155585911431508e+00
-4.817590928809468487e+00
1.448410440757685602e-01
-1.101078131911985380e+01
7.731950237597356335e+00
-6.229191850018050758e+00
-9.881172023472505117e+00
-6.601002940089515825e+00
5.080591172571729430e+00
-1.458355321875046329e+01
-5.550320627055288725e+00
-8.045756149578760841e+00
-5.654013669642240281e+00
-8.733376254989066112e+00
-6.881037278607026408e+00
-8.547204010724216872e+00
2.752209986877941272e+00
9.554733152563265719e+00
-3.616126994221871005e+00
-9.683156637523079979e+00
-7.678612113854136112e+00
-4.609412648461968409e+00
9.219090847816703516e+00
-8.850496456534346024e+00
-7.522518078389013318e+00
-1.706105135556718722e+01
-4.059056756430245549e+00
-6.877805624598802403e+00
-1.083102280385246274e+01
-4.572411521480751695e+00
-4.805189577765492714e+00
1.066869998907194805e+01
-8.921173309204107227e+00
-5.521330587284322355e+00
6.598061723514220267e-01
-4.641270082342058956e+00
5.340842104270403290e+00
-1.047807984378869506e+01
-3.127901595258315570e+00
-4.813206855432133224e+00
-8.295220247156908755e+00
6.074251365641660350e+00
1.958372173467862520e+00
3.953228806340952417e+00
5.422280406129260655e+00
-8.212667993820319978e+00
7.740267873446933677e+00
-1.427052031399259846e+01
-6.684305227974530972e+00
-1.084591963507249801e+01
-6.883658306753690503e+00
-7.950895741393388505e+00
-6.837022918377130942e+00
-5.548517325226399066e+00
-1.775989883921104573e+00
9.329685205891220523e-01
-4.981955080656912394e+00
-4.583927366183627505e+00
3.342199113620859308e+00
5.808419428732275236e+00
-2.318202426396641425e+00
-2.252870551997300907e+00
-6.149806191123838417e+00
-4.523487257285419005e+00
-7.813301608766180628e+00
-2.874395229105583649e+00
1.463247090177630216e+00
-8.493107684336244745e+00
-1.080359029207825827e+01
-6.656694491592880070e+00
-2.514276955376425349e+01
3.101698526441072357e+00
-9.334934276718374946e+00
-4.500394609029336301e+00
3.931218237001067983e+00
-1.120504987644107864e+01
4.277249091736343267e+00
-3.490070308414843225e+00
-5.260239828707804044e+00
-9.916543320497575920e+00
-2.358714480225572729e-01
-1.354230712115612079e+01
-1.033376473668834095e+01
7.177142829003353874e+00
2.991307457484359222e+00
5.215417894208228766e+00
2.351529078935361117e+00
-5.936563500729860721e+00
9.519639260094648892e-01
-7.950915068612175673e+00
-6.714291483081487932e+00
-9.825590542989328213e+00
-5.902759139554238921e+00
-8.624522735503436621e+00
-3.415372959282429122e+00
-6.229071326140849685e+00
-2.177569933213480358e+00
-1.398306477173318463e+00
-1.400049921498424943e-01
-7.096286274127239224e+00
-5.835276648466462213e+00
-7.250220265687638665e+00
-2.483137980922510479e+00
6.977990595246962302e-01
-9.824315821814844085e+00
4.741925909435352082e+00
-6.744166919334746879e+00
-7.798344036911290189e+00
7.292934676751103851e+00
-1.180423620813998831e+01
-5.769342633514955132e+00
-1.808074053283110416e+01
-4.701589941506790105e+00
-8.362390977019666494e+00
-4.605442357668591669e+00
-9.979734372411650511e+00
-5.742415819652683773e+00
-8.810955402350714394e+00
4.518707984763645769e+00
-8.041264041388290096e+00
-4.919607698139691898e+00
-1.055428679134503334e+01
-5.862230039686642691e+00
-1.177393645745219253e+01
6.185647750145872870e+00
-1.036324016224585876e+01
-1.337064388544541416e+01
4.168409899195502533e+00
-2.540110153452346253e+00
6.640796981470296956e+00
-3.615076021338860190e+00
2.245505804452682330e+00
5.461079331656857327e+00
-5.190464018796311585e+00
3.450502923858679516e+00
1.593303338065786556e-01
7.239531709134269022e+00
3.946785924565564319e+00
-2.970850267805286826e+00
-3.722126192531395539e+00
-2.481253764513473570e+00
-5.690295713025326663e+00
-1.284819953600672360e+00
3.607010801117793708e+00
-8.699750539099913027e+00
2.096816478191884769e+00
-1.257865900720778285e+01
2.034994950145081916e+00
-9.481616366337348722e+00
1.504051560465139659e+00
5.939092676850759922e+00
-1.445062842317062746e+01
5.356827511626272909e+00
-7.825441487403724139e+00
5.369268600042555128e+00
-5.962216420755834356e+00
6.749261995863478525e+00
5.467119495498703685e+00
-9.705156736808712381e+00
-1.085678965653977102e+01
3.577247126912111996e-01
1.626717175844802021e+00
-8.108143995245645996e+00
3.487367255685383860e+00
-1.315274675267214199e+01
4.160260975299935993e+00
-3.531709201642710738e+00
-4.498261704388879956e+00
-7.671888059694892625e+00
-8.807896038421471729e+00
-8.511632429139782685e-01
-4.214626126537755368e+00
9.480280630823099131e+00
-6.639022801968704535e+00
-7.971001671558596513e+00
5.673833269489911402e+00
-9.505205126472713317e-01
-1.069064155931304327e+01
-7.131819943218484781e+00
-4.834224032032700791e+00
-4.201189781478897878e+00
1.383557650024046959e+00
2.604938163115239291e+00
-7.236787473773612867e+00
-1.392456701602841207e+01
-1.387424751798470446e+01
6.897599811679199888e+00
-7.254394419632089530e+00
-1.264531373693640326e+01
2.703135626700153171e+00
-8.830221404573210364e+00
-3.377426115454153499e-01
-1.148730237552244482e+01
-1.254321165032684959e+01
-3.407164804284110726e+00
-1.224126594688508263e+01
-2.215258067195055691e+00
2.347574718844503749e+00
-1.065369609918234062e+01
-1.004661096631062378e+01
4.343524636159431296e+00
-7.542818987458280167e-02
1.451038160297206048e+01
-9.524072228924840289e+00
4.659088071354362093e+00
1.882649173715420288e+00
9.936064571790030442e+00
-5.252056956030965118e+00
-6.544190468282599760e+00
-8.384094498366735593e+00
-9.571863123984103439e+00
-3.653612907418983369e+00
-5.073500540922485591e+00
-1.656631030426324713e+01
3.014578286029329757e+00
-8.427285030251008280e+00
5.312577594127140479e+00
8.965513002138473908e+00
-1.377828630958335054e+01
-1.210850396798934980e+01
-5.223378433902885476e+00
-9.296181177826735365e+00
5.729233398743128980e+00
4.801755408187823093e+00
4.847377405589437416e+00
-4.073052279844148416e+00
-1.607302107111487643e+01
-1.063100297596501420e+01
-4.973734049807007729e+00
-7.010122133989922233e+00
5.291756876197844406e+00
-7.207744181855102461e+00
-6.985152794437883728e+00
-1.342239162786835394e+01
8.808619293689961438e+00
7.586008489009324895e-01
1.172351292466563066e+01
-5.164585974458860917e+00
6.931996681241283653e+00
-4.771790998785439442e+00
-5.580338250228044750e+00
-3.813177898207992911e+00
-1.139978699836499132e+01
-2.581847390304675915e+00
3.536452267887339129e+00
-6.134836467134452853e+00
4.248868363246481650e+00
-2.527202400073247812e+00
6.586630568907100303e-01
2.191233273144455485e+00
1.999213972364921155e+00
-7.149301871583461754e+00
8.897462913384457384e-01
-7.620533510209400063e+00
8.642280068560417305e+00
-4.023150371625130894e+00
7.828895397395111422e-01
-1.557362040144952386e+00
-3.281172130397385978e+00
-2.821271665184840405e+00
1.166092096712295501e+01
6.454827249882576723e+00
5.534332388154689752e+00
-1.313978416779787040e+01
5.972594730632756033e+00
3.778871001521301398e+00
-9.944142011045622453e-01
-5.396870677808064398e-01
4.580990810592752149e-01
-2.525038265309909491e+00
8.426804472654413070e-02
-1.108154786808266401e+01
-8.958259302696040649e+00
-1.418435529410040097e+01
-2.122701403899276684e+01
-6.360741475717728299e+00
-7.519577748987996024e+00
-4.203927627191311522e+00
-3.325518422555164832e+00
-6.188003696802766740e+00
1.129358405512241603e+01
-5.616723971235373369e+00
3.890161464602481356e+00
-6.016372545909205449e+00
-7.132097871167575320e+00
-4.791126685894678161e+00
-2.364721591867868611e+01
5.549438435945083903e+00
8.932432715561105852e+00
4.622641351752275085e+00
-1.406395975621021854e+01
3.293662334091847832e+00
-8.716511200818096938e+00
-8.137748097035744976e+00
4.521353187027302489e+00
-2.892250220069816358e+00
1.158343427227650224e+01
-2.924220352439591775e+00
-4.360266227213297263e+00
3.319857784331295303e+00
-1.395621208851374639e+01
6.220568228155889834e+00
-1.037318014873658711e+01
-5.195819288241851019e+00
-7.813743553426030886e+00
-1.816583499406962687e+01
1.076337161065063341e+01
-3.939942243127083188e+00
3.765015527905679171e+00
-5.219830081131060062e+00
4.855430946832507644e+00
9.576196804950349417e+00
5.860819015499703966e+00
-5.448674787172930856e+00
-3.351645980929033541e+00
-8.393066302577604887e+00
1.242489988985954419e+01
-8.123659768633332945e+00
-6.965374509344268716e+00
-4.156770675491681999e+00
6.269832921271435211e+00
-7.324613302735106579e+00
-3.788579809748520155e+00
-5.326698930448171332e+00
-1.308387305577497051e+00
1.900019165541618538e+00
-4.136321741252342754e+00
3.405713977721148478e+00
-1.176871072110785477e+01
-2.892353621995947588e+00
4.146881937705454213e+00
-1.693566971272980837e+01
-8.311746022430007486e+00
-4.897329459588162237e+00
-3.167702299608047056e+00
1.275810369320548920e+00
5.491466625448303773e+00
-3.708297320450021917e-01
-1.066114662783968114e+01
-8.510689530149045723e+00
-5.828033176151754091e+00
-2.184813314407712426e+00
2.103903993804320915e+00
-7.784988413378560068e+00
3.751342926777005093e+00
8.598383660702586084e+00
-6.727429453627011391e+00
-1.069926237738989272e+01
6.881449311681858028e+00
-4.229666360374068290e+00
-1.183796844236154300e+01
-5.584841308209925081e+00
-1.021951225424127152e+01
-8.903784152222995019e+00
-4.406752586009314854e+00
6.419878923091379086e+00
-9.590039591444618594e+00
-5.388087031747127220e+00
-1.047410711293673202e+01
-1.001531496882422267e+01
-3.814612058407090611e+00
-5.064632666420466833e+00
5.207592212126169962e+00
-5.481541872569613005e+00
-5.958663157101145913e+00
1.272695570536407805e+00
-3.879378415829157767e+00
5.212525328853751638e+00
-4.424858404520436217e+00
-1.127088395845628099e+01
-1.005645948260320388e+01
-1.018326100299820602e+01
-5.950749508159343115e+00
-4.818684622705498910e+00
3.731788146082259949e+00
-1.058030153463426259e+01
-2.355732914170006964e+00
3.476269434185504714e+00
1.488876673173098686e+00
-1.261817057926974250e+01
-6.270437551544714161e+00
-1.279679712642536238e+01
1.834063442956596290e+00
-3.984725685705334808e+00
-1.003326636312847242e+00
-2.142185251507572330e-01
-1.110662917153414320e+01
-1.453452123392749940e+01
6.418836499576287657e+00
2.305969649077230788e+00
-4.074573631144301267e+00
-6.750558487771392002e+00
4.725906743090327211e+00
6.127621500080380201e+00
-8.832938591704932563e+00
-4.857603558011437173e+00
4.895420389596764288e+00
7.930260203815549858e+00
-7.282215341207744608e+00
-8.754308419930614704e+00
-9.209698157840831456e+00
-5.729615862200143184e+00
-6.693221092239513226e+00
-8.535202092342426994e+00
6.810612136000060879e+00
-6.831909816095410370e+00
-4.166343200763454213e+00
-1.053341034346104443e+01
-9.850907750549898978e+00
1.014664778520680377e+00
7.971598157169429655e+00
7.729718472095489901e+00
4.146091211165709112e+00
5.426958054309370283e+00
-4.620604172491614037e+00
-1.025950916955549097e+01
3.571806945114340603e+00
-8.614823202642252653e+00
-6.167431746459743458e+00
7.010494909426471466e+00
-5.711978172805291187e+00
2.867615937788365876e+00
-8.930752631060260072e+00
2.354106701958526227e+00
-1.340152431697378965e+01
-3.211768802259518552e+00
-6.192263579545459251e+00
1.382989889468780653e+00
6.544388729403971539e+00
-5.681891412723814483e+00
-5.593481792605763836e+00
-7.486486707280142205e+00
-9.252193593371467628e+00
-3.995988542538712274e+00
5.393123957471923191e+00
-1.386087764622820551e+01
-5.688482338125060878e+00
-2.143013931492734780e+00
6.313860485265768041e+00
5.050435595283118140e+00
-1.058031405829668969e+01
-8.708640986960794805e+00
-9.754540997312656003e+00
-2.090587896843788762e+00
-2.658556872249211445e+00
6.929310980543071929e-01
-9.289792822273506445e+00
9.829681711227223673e+00
-4.180803744406441425e+00
4.236985611711841848e+00
4.748806735230740372e+00
-4.909170046685747302e+00
-5.937245160641110964e+00
-4.843001672673166169e+00
-7.036840207324798868e+00
-7.675660453228825730e+00
-2.893911348912871162e+00
-7.114603216926588480e+00
3.583641377621386237e+00
-6.589844060935739378e+00
-1.821468330639168354e+00
-5.463010054590554887e+00
7.514164923740553448e+00
-6.162203159232811610e-03
6.588248133253573613e+00
-1.432625623778327695e+00
-6.953743942731314576e+00
-4.126068106317220874e+00
4.445416069877799359e+00
1.874878890021895450e-01
5.306910074351931517e-01
-1.466559742226144181e+01
5.083128157814236658e+00
4.489461286763742898e+00
-9.577993958613047809e+00
-2.293477571726944220e+00
-4.478637423582007671e+00
-6.133180290477769248e+00
2.092509911347425700e+00
-4.944364672920998349e-01
4.505063120145174516e+00
8.196150079370664088e+00
4.643301969139050023e+00
-4.192672737865085431e+00
3.689763013916407264e+00
-1.044101964530447368e+01
-8.295068773464352674e+00
-6.687199500515863093e+00
-6.408263911815804903e+00
-4.393831505739616894e+00
-3.301975528640770818e+00
7.981369800061573372e+00
-8.426522679014921025e+00
-9.322589399560161638e+00
3.218363086442038945e+00
2.976199819484713238e+00
-9.937572050049873207e-01
-1.307380281736484484e+01
-6.167212740430749740e+00
-1.642322557319311649e+00
-7.520839633392154333e+00
3.838698431717725512e+00
-2.085639532822163300e+00
3.130145399769616255e+00
-8.638930919650908535e+00
-1.650815801593803922e+00
-5.845121094184035471e+00
6.089063039426539703e+00
5.250568048056031500e+00
-7.371839606335026218e+00
2.995584223965940485e+00
-9.704470030270147873e+00
-5.500789141857298503e+00
-1.050342365300891423e+01
-3.703457238539925034e-01
-3.852432311915058971e+00
-1.547236014491168987e-01
6.033346961871056457e+00
-3.313575275492884331e-01
-4.207937018166923338e+00
-9.527995302505456010e+00
2.653087446134360317e+00
-6.833239625349894375e+00
-9.340730531119950664e-01
-4.703520242936886753e+00
2.808754879743800004e+00
-1.592104209816014304e+00
-6.343269350269304496e+00
-1.050781739029616624e+01
-9.542788641983825926e+00
-2.804579784197814285e-01
-2.597026571092877045e+00
-6.060506468352431675e+00
8.310586068755952738e+00
-8.024179566909692696e+00
-1.909188242277121583e+00
-2.113661201656894306e+00
1.295891571850315005e+00
-1.167305430905065045e+01
-1.024736231831115596e+01
-4.907885377520309511e+00
-9.114573576688838941e+00
4.906342828392872946e+00
-6.090222095703158089e+00
2.247565291783897301e+00
6.650285141433858627e+00
1.618236813247817540e+00
7.259330332317646572e+00
6.587015498135733615e+00
-3.007148267638706240e+00
-8.069648248798216628e+00
-5.319999302588945156e+00
-4.952889785140633272e+00
3.270983283139124342e+00
-5.109374601482862488e+00
-8.257886055985444784e+00
-4.730378606547568920e-01
-3.114991226614797881e+00
-1.177966581286003134e+01
-4.491936516877356844e+00
8.658126238416199882e+00
1.293371429774377113e+01
-7.373366121276061058e+00
-2.596996015807266911e+00
4.599788482064066208e+00
-1.016118688809545745e+01
-2.949187399466652870e+00
-6.025764282373899050e+00
7.100392389915591629e+00
5.706591106843659222e-01
-8.058468593826953352e+00
-3.705171817911962151e+00
-9.991249432138138431e+00
-1.289004122652056950e+01
-6.041137201483641306e+00
-8.211688909073950882e+00
-3.305400753955320514e+00
-1.083423094313597446e+01
-1.195478954787999548e+01
-7.485477791304482764e+00
-4.840069995444954642e+00
3.137733059361939247e+00
-7.992662789279373570e+00
-7.551322998321261082e+00
1.147821965571002023e+00
-3.489316648682732946e+00
6.823883540635783618e+00
-6.563710171119056191e+00
4.208019561046541845e+00
-8.595816885348707359e+00
-5.959691021440998604e+00
-2.363427526989776428e+00
-7.649275712120326531e+00
3.027524759603987370e+00
-4.953702464293693986e+00
-1.146322560385019962e+01
6.233423893656969916e+00
-7.297306552239230193e+00
-1.911967557554190122e+00
-6.449876360217318805e+00
2.332006700280138123e+00
8.274203538505570110e-02
1.029838869058226747e+00
5.129310539544817971e+00
-1.578744624829777798e+01
-8.468502429863443481e+00
-2.814701521634574100e+00
-8.786731913478929457e+00
-6.044650037766862383e+00
3.325531604391626761e+00
3.445527994171352915e-01
-7.294955976326895630e+00
8.065408198456895050e+00
3.014565473784453609e+00
-7.366004994622633362e+00
-1.226768641368065360e+01
1.682916362144089684e+00
5.715034298371704402e+00
-1.897549501680350659e+01
2.950023682517779022e+00
-1.040332129334631261e+00
-6.110017012733896635e+00
-5.797538456618215319e-01
2.471301956494566632e+00
-2.912772835140758687e+00
-5.736172494020302715e+00
-6.710755793303023742e-01
-3.490722594584421579e+00
3.639356989515380114e+00
-4.295319298058656088e+00
4.297033558179351509e+00
1.500609649120966838e+00
-7.013817046049310555e+00
2.428650723523829491e+00
-6.558011953394126792e+00
-9.548690487109096736e+00
3.403582945659120451e+00
9.588761976265992359e+00
2.730705217505313254e+00
-7.245493167686297475e+00
-1.047556930195556291e+01
-2.142909459322556831e+00
3.172401496015325506e+00
-2.727860475008461183e-01
-1.021139315760039068e+01
-8.003599025484479768e+00
-7.173281082989514168e+00
-2.602111772603012962e+00
-7.195933015063348037e+00
-6.300516700513614232e+00
3.211607054171711439e+00
-8.322374029025274567e+00
-3.217211434487849075e+00
-4.587387751122757429e+00
3.565120589896598080e+00
-4.589091772418674609e+00
8.813229638024280277e+00
-6.032805180269523504e+00
-8.027822945150115075e+00
-4.632924440793810383e+00
5.322173797848858356e+00
-1.124063054219780611e+01
-7.916649133557675633e+00
-6.683087041765677583e+00
-8.293955098882483057e+00
-3.838178196339380399e+00
-3.158617390425006555e+00
-4.453823853920908071e+00
-8.461863451610035725e+00
-3.716336035900971169e+00
-6.004395793146092508e+00
3.390257333071627244e+00
-4.743509217673198997e+00
2.581593831080423840e+00
6.309217550990156909e+00
3.837143097302733175e+00
1.209316964522503701e+00
-3.975599740739645505e+00
-9.049094585503013377e+00
-7.669807337132609204e-01
-4.931886134254786391e+00
1.622902186331609764e+00
4.072893600843691786e+00
-1.114859698430173474e+01
-1.007419924713382819e+01
-9.917732539043138118e+00
2.457452337014419896e+00
-5.888913912053180155e+00
-7.441543841845509100e+00
-8.489722568735819763e+00
-5.557347346585104653e+00
-5.623910230309425273e+00
3.719130777696963985e+00
-8.916144972561776072e+00
9.671355724819251876e+00
-8.234661599007178978e+00
-5.677288603422574909e+00
4.636495687053700188e+00
-3.767257737530046224e+00
-6.772042970644133852e+00
-1.123086671270824155e+01
6.647889387189263921e+00
-4.260465419541023202e+00
-2.425037998867876521e+00
1.109627433507071492e+00
-6.472165785120086667e+00
-5.971244866011478969e+00
-1.069285763108909926e+01
-2.813514580054214509e+00
-5.952720396761630894e+00
-7.777363158229555928e+00
1.795000272911492500e-01
-4.452837785872710619e+00
-6.653263734031172660e+00
5.892688187400611177e+00
8.320946601491533201e+00
2.733408993796660358e+00
6.425218123158118466e+00
1.725631589741025262e+00
-9.076476289662510410e+00
5.035610361470458152e+00
-4.619704817101545125e+00
-4.180464172889934993e+00
4.920777165847967538e+00
-5.384485559604200056e+00
-8.656653931308728289e+00
-7.633440908259453650e+00
-4.948292735912515283e+00
-7.048758045419265095e+00
-2.862899730887712213e+00
4.222581379554134706e+00
-8.066181225424090329e+00
-2.301310920030354090e+00
-8.329682609017503125e+00
-2.633202325868601701e+00
-4.845515809984142663e+00
-5.331436677333321938e+00
4.361369483712777217e+00
-6.146397400484126194e+00
2.127508501384458128e+00
-1.074758172555573488e+01
7.436149476995356444e+00
-2.634386136088812780e+00
-5.495591376463563549e+00
-1.059993204575407866e+01
3.023258749579024185e-01
-1.149234222553955753e+01
-1.504442677290168540e+01
-7.213087478600619384e+00
-4.673168940164361018e+00
-7.502886054413183459e+00
-1.257261962588767013e+01
6.441987552086684943e+00
1.463108181674753094e+00
-6.686788377543734008e+00
1.450102189250877194e+00
9.208057189630998174e-01
4.652207857524745194e+00
-9.066561566977323849e+00
-6.554384576293813325e+00
1.802912106292832606e+00
-5.143806012694412289e+00
7.850213290321303106e+00
-2.403683443954197863e+00
3.095611207562200651e+00
6.247861595438114257e+00
1.203672007615830930e+00
4.281953907509402413e+00
-1.175820502828419478e+01
-4.473611272589960386e+00
6.445859093296398612e+00
-2.354840915346259944e+00
4.610200000019302635e+00
-3.309465573402818439e+00
-4.512030673064323594e+00
3.864076915750129348e+00
-1.240474215262544888e+01
-1.053446866785366076e+01
4.316086143248861973e+00
7.247278071617451189e-01
-4.830120144004717453e+00
3.317981433826569404e+00
3.182354847960136901e+00
-5.384050146345098931e+00
-7.273868221848634796e+00
4.792293797943110611e+00
4.804884138081883194e+00
6.178723199768260121e-01
1.634132555065449965e+00
7.107152755045223813e+00
6.409785364018030229e+00
-2.227519759550427914e+00
-1.014202592879007447e+01
-6.498428532605211139e+00
-1.919567971511995985e+00
-4.907526853223403762e+00
-3.694761573231981622e+00
-7.041746359676360534e+00
-4.170567358992170348e+00
1.944856992526431849e+00
-2.824032300058431755e+00
-5.388560235829035427e+00
-5.401387662438579262e+00
-6.628346733005068714e+00
-6.138459609526111471e+00
-5.984613894545507407e-01
-7.854208942305957564e+00
-2.037695874547344133e+00
-2.112807774247596360e+00
3.203370643644467997e+00
-4.567233083433385410e+00
6.602586098417133620e+00
-5.601268959388480795e+00
-4.678040391954543686e+00
-8.116680677124840315e+00
6.349488117338384363e+00
3.155663072668295488e-01
-6.766714143732740716e+00
3.132097778489787210e+00
2.977192159784232572e+00
-9.551839009014416959e+00
3.602052558484290401e+00
-8.870122156378300815e+00
-8.240606495456493263e+00
-3.110769862433325539e+00
4.439443500921573360e+00
2.640220377690416953e+00
-1.562500702163513822e+01
9.295250076441680775e+00
4.324907712918597547e-01
3.963644026522108899e+00
-1.179624702729630492e+01
-1.330599376850643800e+01
1.077393231757212133e+00
4.665985038807726859e+00
-2.827090424326104134e+00
-1.498715874727831077e+00
-7.327473666221744786e+00
-7.687342279358020392e+00
-5.214485253019832456e+00
-5.636734653700990805e+00
4.730637565241240239e+00
6.857972317429477549e+00
6.068954090757142872e+00
-5.506707174244195535e+00
-3.479976045043315036e+00
-8.056832758526113025e+00
-2.071253940968955209e+00
6.696678157528715980e-01
-9.847535265804257421e+00
-2.399248059545182055e-01
-4.377853950010370809e+00
-8.200736164106185555e+00
-9.154894375219011504e-01
-6.065201755908469217e+00
6.464580792660075126e+00
6.678886444234131581e+00
-8.531680619406968091e+00
6.642699475376520724e+00
-5.344274448355628593e+00
-2.970308066899466914e-01
-6.240688134675613341e+00
-5.922508962368079111e+00
-7.445036908272498088e+00
-6.489705942641038838e+00
-7.450768063560344601e+00
-1.081651594316086040e+01
-3.906699518266765203e+00
-5.452136909650465491e+00
-1.282414314475462724e+01
2.452984718592716162e-01
-6.099761176330275037e-01
3.146914016018125260e-01
-5.112859508727591873e+00
-7.669850470248155361e+00
-1.160856040160701497e+01
-1.627886690293087923e+01
4.305620877631796795e+00
2.624926549648030072e+00
-7.908265229492054793e+00
4.050320306611602916e+00
-2.625698558712958430e+00
-1.010879622395813193e+00
-6.105184504747731111e+00
6.111955672985507348e+00
-1.331413979436163153e+01
1.993746872163405959e+00
-8.458309443252288062e+00
-7.804094456968169169e+00
4.115743882346433402e+00
-1.469278503798194535e+01
5.038410751852546721e-01
-4.934226816489422518e+00
-1.185707154988202738e+01
-3.986430672062681424e+00
3.198617399155469165e+00
-1.726944368924624840e+01
-7.125542503122420435e+00
3.421433623769402743e+00
3.068507436430145674e+00
1.976368864323074126e+00
3.028916441945377791e+00
5.623544051300597424e+00
-4.459144957466881110e+00
4.447181758313195843e+00
-6.034482848233743368e+00
-6.143583139096590706e+00
-1.180751698140014661e+01
-4.251113568955092958e+00
6.794890365335072069e+00
3.013233522984527291e+00
5.818872718530671229e+00
-9.529501425667632475e+00
1.382089781753326641e+01
-7.823352037000455894e+00
-2.186891257822658829e+01
-4.854146519788544722e+00
-8.060927270950834611e+00
-2.416900478654422812e+00
3.828961567751988149e+00
-1.250385704797952080e+01
-5.482799178806305740e-01
-9.266400834305887457e+00
1.598809668336908851e+00
-6.108686213011778499e+00
-2.826180378702463081e+00
-1.047750798408568507e+01
-3.362486217926485388e+00
3.208422503691541472e+00
2.965943405028300894e+00
-1.468565343601690110e+00
1.264790303066921195e+00
-5.160144542534054857e+00
-5.967782637688234360e+00
-3.590324146832651664e+00
8.340033127399074098e-02
-5.296131205187937674e+00
-7.269207294926364860e+00
-9.797868599797761036e+00
4.503824354608689795e-01
-8.375502962451326638e+00
-9.299353868037783855e+00
-8.937830301380897069e+00
4.422516416642904957e+00
-6.140848327407295137e+00
7.791611790866425302e+00
7.695830553694397835e+00
-1.417042144186315866e+01
-7.882339992676161700e-01
-3.441187068603221988e+00
1.020685012487537069e+00
5.588956753473478756e+00
3.456797666297180882e+00
-6.452086192264037123e+00
-6.343704260076414414e+00
5.679766969197461712e+00
-6.097355768796692832e-01
-1.699180035622825047e+00
2.050144251957880748e+00
-8.181417467584189751e+00
4.106985484396605379e+00
-3.976119249035262371e+00
-1.157650934333278414e+01
-1.053926708597793294e+01
-8.968976084091663026e+00
-4.937213476937754031e+00
-6.947756286986311203e+00
-9.458182599142126890e+00
6.095968849356994568e+00
-1.176837745365881815e+01
3.666935866444518410e+00
-1.581265725480358597e+00
4.837250936567799364e+00
8.663310855837577651e-02
-5.859674745629982695e+00
5.918390093634776861e+00
1.234481257195173265e-02
3.001626054544898281e+00
-1.438918264765070987e+01
8.693696324440589152e+00
7.832760407871031116e-02
4.686081204005060563e+00
3.214803230747222074e+00
2.975909014129082819e-01
-5.100826901048970186e+00
-7.644103960362631511e+00
-4.355750728471919686e+00
-6.797575452884912828e+00
-9.904978493830594033e+00
-4.968374964286839557e+00
-3.741855169086937494e+00
5.401923339856308459e+00
-9.349108030016843429e+00
-4.606564783374082594e+00
-5.752127620162869270e+00
-2.312197185946429201e+00
-1.537085872074469073e+01
7.849045011283755535e+00
7.418696578330613356e+00
-6.381303767685447603e+00
5.627162943413411611e+00
-8.306275063838748363e-01
6.559482332741731980e+00
2.698078184844194816e+00
-1.057358800282152345e+00
6.914946760946171445e+00
3.740413065145257399e+00
-7.007013922856095700e-01
-3.931631949694484263e+00
8.129977083873454191e+00
-3.887178764980729007e+00
-6.597962143613965713e-01
-2.131810160448329938e+01
9.434530853757010505e+00
-1.356027954200752506e+00
-1.378814995484405781e+00
-1.424302577308204221e+01
-3.258274126202421961e+00
-8.040841058629426996e+00
4.785307580892247614e+00
-1.194805341980283941e+01
-1.149251758849060323e+01
7.350223490958565087e+00
3.088680957005054850e+00
-1.060249813127120788e+01
6.947890001036665097e+00
-4.857495250959896538e+00
-4.590513311529601737e+00
-9.514184437475190492e+00
8.469039693492769416e+00
1.176739719874381684e+01
1.616939340496570621e+00
-3.593525322313785964e+00
-7.288146105968491995e+00
-7.130331729068752900e+00
1.223468596182661461e+00
4.343974469230220237e+00
1.903898360669299406e+00
6.279738749663884789e+00
-8.460369388755356823e+00
-6.387422055923604347e+00
-4.178073802403720727e+00
-9.764136968302338460e+00
-1.040193820129135815e+01
-1.580880471191729697e+00
-7.811394038991736899e+00
-9.590572070564407525e+00
5.407958442438387969e+00
9.497683722887840574e+00
-3.985746981070745321e+00
7.606430504784179369e+00
-3.734422527355494736e+00
3.308853322701456712e+00
-6.152791726860646015e+00
6.825940025127165356e+00
-4.859168106653389607e+00
-2.509649087366817355e+01
2.201472451009801823e+00
-1.563199516872230888e+01
1.564795256395634881e+00
-2.009820047711826874e+00
6.027159622197602040e-01
1.909826777320653646e+00
2.469363965495101176e+00
-3.957715236112117729e+00
-5.445393421795523992e+00
-5.104956094732178151e+00
-1.593680409044902291e+01
-6.687461709824800593e+00
-4.799874234309314147e+00
-3.029273019977847703e+00
4.307716713504588846e+00
2.347495082791757781e+00
-7.070316335745757463e+00
-1.155897586211789552e+01
3.500982867618677830e+00
1.984868176013342422e+00
1.375191811901045336e+00
-7.345156181231903503e+00
8.504442737506627825e-01
-5.496402776810702662e+00
-1.275130414614339180e+00
5.170461468698075436e+00
-6.846843185200112814e+00
-4.971630711243989253e+00
-7.492838096214920363e+00
7.670719614917814511e+00
-4.933213314185152853e+00
4.672233055770123933e+00
-8.701000390218952774e+00
-2.468477460077819430e+00
-8.076492264226668993e+00
8.868740064706724935e-01
-3.276140013108165938e+00
-5.057900351705346687e+00
2.205501200728554601e+00
-1.279229607386044743e+00
5.394551006202901178e+00
4.840155467061770800e+00
1.036134050525577610e+00
-8.848555166803833139e-01
6.221162711520125121e+00
-1.246400456655022637e+01
7.119491874790125685e+00
-8.567191001800949834e+00
-6.249783046324287383e+00
1.974152353041235264e+00
-4.662654659247337463e+00
-6.829755273539007021e+00
-5.329579094439524489e+00
-4.216599890279620233e+00
-6.736808854392727142e+00
-1.629713885653787386e+01
-8.272654721269294242e+00
-1.258152727111180980e+01
2.094121279598604168e+00
-7.621413877546804549e+00
-6.737489184455734303e+00
-7.909174609630660768e+00
-4.230061316932571813e+00
2.751217919780319043e+00
-3.743481295686644117e+00
-1.172429872055424482e+00
-4.586018781143106793e+00
1.256363489018830437e+00
2.764807907407485388e+00
-1.153712421944186950e+01
7.160791313511644773e+00
-7.748343619944816574e+00
-3.805202481887273724e-03
-2.483418766581267434e+01
-7.785719034046553411e+00
-1.116644898698178956e+01
3.832932020410590113e+00
-5.963489750576333570e+00
1.019199671328519408e+01
3.194179554215810235e+00
1.313752622242174040e+00
-8.226620711011570108e+00
7.197436471487468346e+00
3.355054257941496032e-01
4.737737960050381503e+00
-5.223486984425536939e+00
7.200582720678139204e+00
6.336749431944509681e+00
-8.856858963677845864e+00
-1.625888802498277386e+00
-6.378149448413707567e+00
3.217299825211002329e+00
4.132916739985621923e+00
1.460908093304581268e+00
-5.710886175142848131e+00
-7.348339180376744828e+00
-1.164561624908631465e+01
-1.236227112231662595e+01
-1.142283191183193125e+01
-4.724669595034807656e+00
9.720509267640496276e+00
-8.160536347971033777e+00
-6.707308257206395119e+00
-1.799714701662441962e+00
-1.553286502066362651e+01
-6.427266290630811341e+00
4.765117169243279216e-01
-6.006852860480475620e+00
-7.203896001789034109e+00
-1.106759822850350572e+00
8.772366916951863658e-01
-7.127761301154554197e+00
-7.577080835254594859e+00
-1.422532116258646173e+00
2.119556556781754253e-01
-1.391380000921979487e+01
-1.355481097092035192e+01
9.777126221939499984e-02
4.898124957064505125e+00
-6.020175067469005770e-01
2.253724691840140792e+00
4.525566583177819124e-01
-2.790256642452213498e+00
-3.664364456649371604e+00
-1.290757762935750641e+01
-1.378603940986841803e+00
-1.302236300797759228e+01
-3.276139519945399314e+00
1.452281035575444967e+01
-6.713863062186383068e+00
1.775256968418105208e+00
-2.537806324304599848e+00
-8.093734822231775539e+00
6.384642921280245353e+00
-5.424173345132718982e-01
5.477184996858110111e+00
-2.986524894422783127e+00
-8.583580436496102806e+00
3.095909392376488434e+00
8.891936235109200837e+00
4.108115091257649176e+00
5.320777816542435090e+00
-2.670364465406112942e+00
6.999747903909367963e-01
-1.092049024449569750e+01
4.030756748970548919e+00
-4.589882160763504082e+00
3.412088048870424828e+00
1.254452143597589853e+01
-9.698225786998099451e+00
5.637455674099065006e-02
-1.451441683615957068e+01
-4.051409476158274181e+00
7.902004544644537276e+00
9.095580657883287401e+00
-1.951779965418373308e+01
-1.357511413611250006e+01
1.537631844551216265e+00
-8.627773247849958693e+00
-5.519027305718545939e+00
-7.666349416361737390e+00
-7.344238914480961888e+00
-2.510562964167501576e+00
-4.718394903641381255e+00
1.875499824809720772e+00
-1.270537227748398479e+01
-1.773486496184049699e+01
-5.293955119897503891e+00
-1.033473256191250655e+01
-1.356785690856522741e+01
-6.648923149355540296e+00
4.785403188483482673e+00
-1.588515136533456129e+01
-6.012238061645871490e+00
1.022770861502124973e+01
-4.797280501425301047e+00
-3.483403995707248235e+00
1.884276753092357426e+00
-4.114406000587167433e+00
-9.674053410158906630e+00
-1.189306554366672231e+01
-5.582596758833073380e+00
-8.833394221801389889e+00
-4.308038667768966157e+00
-5.897865024599327377e+00
-5.702846928110435698e+00
-9.917654741472739843e+00
-7.453168492327668204e+00
-1.261898868103998339e+01
-6.675983449090551858e+00
5.370780594361654003e+00
2.011361894922150562e+00
1.012136399545844334e+00
-7.372223563463967011e+00
-6.249521381767666917e+00
-9.241217408643247921e+00
6.081062734433830830e-01
-1.933114136832761787e+01
-6.343540165437641321e+00
-6.829873950239541358e+00
-6.713301593453908644e-01
1.701401445933082401e+00
3.316485833215015333e+00
-1.233768651807650052e+01
-2.498379397349529185e+00
-2.515747393824264933e+00
-1.069817514104948941e+01
-1.902311269761490120e+00
-5.628187682555578775e+00
8.528028199731222614e+00
-7.700277661000055396e+00
3.633639079398258254e+00
-7.755421957945496381e+00
-1.214520872055739886e+01
-2.766984484118383492e+00
-9.645544812241977795e+00
-1.223472224338880920e+01
-9.333931564966803762e+00
2.415319379052353277e+00
-3.617446462935751228e+00
-9.535417335991473564e+00
1.484705484721983604e+00
-7.893047367655020352e+00
-4.496484398693086248e+00
3.915160924107724760e+00
-8.123985071131922808e+00
7.175594430739830720e+00
-6.098638814719106627e+00
-7.309408243843216191e+00
-8.337882912595214080e+00
-3.066295213180190160e+00
-8.366364331151686429e+00
5.205636021136282210e+00
-8.532435515746451316e+00
-8.528421370548385783e-01
-6.609406099674240309e+00
-5.380356712149404252e+00
7.088695131134375771e+00
-8.915855386913497327e+00
1.148569800129632279e+00
-5.555825160601854051e+00
-2.931720102754909796e+00
1.906203918218845272e+00
-4.598799248780891524e+00
2.565221040382615669e+00
1.982475531369240374e+00
-6.739238717777438659e+00
-6.561568997523034241e+00
-2.375613580536512615e+00
-5.635273794071180120e+00
3.965521149161512326e+00
-1.150815775305047772e+01
-6.852436758835020569e+00
2.122833795733360063e+00
-4.532322709605656641e+00
-1.041477897237342276e+01
-6.810648952989318161e+00
-5.349053994173362803e+00
3.767292835421816477e+00
-5.435003271398882951e+00
8.758714642085536184e+00
3.503362850908632531e+00
7.707397512070924606e+00
-9.375959930233211281e+00
6.459217594222630865e+00
-3.619470900570822103e+00
-2.706614728596740349e+00
8.805713270325288278e+00
-5.945574965107512710e+00
9.095908356658778615e+00
-1.080802822065674462e+01
-4.502878883894051221e+00
9.946496036015055608e+00
3.970090351357578484e+00
-8.678335191986379371e+00
-4.714692088095380207e+00
5.644490474950460523e+00
-4.064401453303423395e+00
3.761198036503022202e+00
-1.753211146766831519e+01
7.716510151959423247e+00
-8.820319187842338593e+00
8.823018372081763872e+00
6.740787166066835923e+00
2.875604046817424653e+00
-7.879442007316944441e+00
-5.274634939676294820e+00
-5.384973542964283766e+00
-4.133948066337505556e-01
-1.806651308374824438e+01
-2.227852297391147651e+00
-9.099471781853400998e+00
-1.342649999461052879e+01
1.201115995427134875e+00
5.327376171263013660e+00
-1.125493515440182790e+01
-1.037412901439299517e+01
7.674626959777442359e+00
-7.924776961684799836e+00
-6.299407392006781237e+00
-1.104975244132715417e+01
3.450981492432042330e+00
-8.164368757282428390e+00
-5.498332659495696717e+00
-3.595256785306709890e+00
-5.121523595509628102e+00
6.326838074267506773e-01
-1.001829642958702848e+01
-3.646306206600860467e+00
6.029075418016893728e+00
2.660154426068573219e+00
-1.689953249783493483e+00
-9.151755036225676321e+00
-4.313224631043508950e+00
-4.424009156868947024e+00
2.552605943644170150e+00
-3.168980494398821346e+00
-1.003366428407560962e+00
-3.491336234294001306e-01
-4.385099809831202400e+00
-4.409928261650646886e-01
-9.748906995702778744e+00
-4.657634590912833161e+00
6.145723696968624417e+00
6.682787650249207623e+00
-7.607965852578502108e+00
-5.356966333359763688e+00
6.482483426863934639e+00
-6.465312415870554830e+00
-3.291882380791957718e+00
4.750676185746496749e+00
-2.149758918278390496e+00
-1.068753746031130625e+01
2.076110962247399883e+00
2.893538620470235134e+00
-1.325670260699938652e+01
3.403595117756151200e+00
-8.757639866677422447e+00
1.012567102590702639e+01
-1.001352733430585928e+01
5.544296809786818159e+00
-8.646039394025015312e+00
-7.795781661236024895e+00
-1.151810720277906519e+01
-8.652517364375283293e+00
-5.775303071201311589e+00
-1.431547145349595951e+01
7.718920697182753976e+00
-9.718904420353505103e+00
-2.360771450572499930e+00
-1.286233416911325200e+01
-1.130979570572473847e+01
-1.190199091335205850e+01
-7.338611626609128358e-01
-1.542557710509680158e+00
5.718399829612261343e+00
-1.072754447172320269e+01
-7.326696137023620103e+00
-7.174542452461583508e+00
-2.890932032385267192e+00
2.035898203551406382e+00
-9.965141295981366554e+00
-7.718729177420961207e+00
2.650058789958808614e+00
4.582416482671743729e+00
-1.181725010006420939e+00
5.322765061922103413e+00
-1.479656095231942281e+01
3.882290904383963071e+00
-2.859576804038941766e+00
6.717770065930601220e+00
4.773939472463341716e+00
5.726796405632807563e+00
4.311564509219531161e+00
6.565812668841198629e+00
4.750291118047033079e-01
-9.652921433960520048e+00
-1.047820338374843097e+01
-1.153508087585217012e+01
-4.339341231177448854e+00
-1.414279369583377743e+01
-5.427551765607535827e+00
-2.304263042916014914e+00
-1.021910912242738778e+00
-2.153953038926561092e+00
-3.079837671101425922e+00
-7.652983457886507246e+00
5.202515203048579728e+00
-3.491347905869171431e+00
-2.729038909048742134e+00
-1.059171370480242569e+00
-3.364963441507576203e+00
-9.518922939523211113e+00
-3.622268713694159814e+00
-7.814910406270202614e+00
-1.182832373782971125e+01
-5.359650092334991456e+00
-1.003715098138181006e+01
-2.570965641482968689e+00
9.993377102792679878e-01
-4.423014150758922902e+00
-9.087778604463444765e+00
-1.393117751307145546e+01
-2.793771012972555479e+00
-1.142671550030350147e+01
-1.326889301004356758e+00
-2.947269884405253393e+00
6.029502477532864280e-01
2.386659751651794004e+00
-8.932479761267281049e+00
-5.454670442339712544e+00
-8.965738331337353983e+00
-6.711436658299170688e+00
-5.220094208840891703e+00
7.415131406056445940e+00
-1.010919167898080850e+01
-7.561256516884344414e+00
-7.547574091275094155e+00
-2.422104028109326457e+00
-5.080070651121181058e+00
-8.399332562220481080e+00
4.405686244210030189e+00
3.752445650492729712e+00
-6.338029098471939626e+00
-6.984390280337981594e+00
-3.083426819339984526e+00
8.535095240419764195e+00
2.165204399243303879e+00
-6.985622054407292225e+00
-3.299289315060055294e+00
-3.422220975893981443e+00
1.921570270056655705e+00
8.399015109496019704e+00
-3.803616814604241281e+00
-6.704133294997371983e+00
-1.432125440237170899e+01
-3.122278393247010942e-03
1.177117941222854541e-01
-5.381656711484242628e+00
-9.581031204441975646e+00
1.816904133033367119e-01
-9.215798756041687634e-01
-9.056466723014574782e+00
3.988437120591288298e+00
1.229578326121213872e+00
3.929740678878528293e+00
6.136503963930701744e+00
6.958182195031238138e+00
-1.173221503634299800e+01
-2.059938512020498269e+00
-8.863155481505414102e+00
-8.158394067043497344e+00
1.708752766284468816e+00
-5.868807552964282692e+00
-1.044457314602481723e+01
-8.295836425111252410e+00
-8.221279241631687995e+00
1.302263477216290211e+00
-1.194499088495509476e+01
-8.338742766373808735e+00
-8.319448810568927044e+00
1.173829335877425856e-01
2.996601930061645547e+00
-2.892782539830268895e+00
-1.500687882763401859e+01
-8.914243926969325216e+00
3.858850057711010528e+00
3.642790928972788667e+00
-6.682461624240399800e+00
3.664476063068697331e-01
-1.142229282531143397e+01
-6.093521455872581427e+00
-1.230881355101719166e+01
-6.322624591811098149e+00
3.724874249208724120e+00
-1.160099615529917649e+01
-6.993130378922232993e+00
4.371328495613774123e+00
-3.534590051738113026e+00
-1.679450642091240553e+01
6.149120247681711504e+00
7.998580765339920795e+00
4.920868930696411070e+00
-5.111512985676174736e+00
-4.041071535896046285e+00
2.452188311019118938e+00
-1.109937774157924117e+01
5.667827368692554657e+00
2.725481978688432783e+00
-5.697702483006048979e+00
7.906264652449701558e+00
2.207323110732635207e+00
-4.308957792700502387e-01
4.438227991457169841e-01
-1.194079915739072284e+01
-1.050797757505181629e+01
-4.661196300048468188e+00
-8.572537277988297788e+00
-5.661258588138440295e+00
-6.261286342653799686e+00
-6.009364606098468897e+00
2.563854079187035673e+00
-6.832677758659002620e+00
-8.785193555989433634e+00
8.841837366461426484e+00
-5.741527866135476721e+00
-2.197329869328263463e+00
-1.659095674234682249e+01
-6.334277206318327913e+00
3.736276603214334635e+00
4.105749420980434827e+00
4.746227540310224313e+00
4.968379182378530601e+00
-1.061938890622396414e+01
-6.724633736524261884e+00
4.086962825539886879e+00
4.459680879546955801e+00
-4.620646871813966605e+00
4.394472443962166963e+00
-1.127820529664703031e+01
-1.455097032564711768e+01
4.738661178041547295e+00
-3.489209092260702416e+00
-3.069870372293304950e+00
4.424134068523390084e+00
-4.782206312698681905e-01
-9.410595165831505682e+00
5.128506648855016614e+00
1.172325058784410423e+01
1.825697521921468836e+00
8.268900176359556653e+00
1.347204697269784868e+00
-7.704089363908890320e+00
1.493711733981556211e+00
-7.198659819671483717e+00
-3.123955337936661802e+00
-6.825497172110008393e+00
1.085230750673270128e+00
5.161522352882302656e+00
7.678800833885080834e+00
-6.528139907955834431e+00
3.917035302553509180e+00
8.348929388112361849e+00
-6.345298423832328005e+00
-3.653334301691542052e+00
1.698741074038266907e+00
6.524398581805685104e+00
-1.785360421964119482e+01
-1.811809062287590866e+00
-4.501873417930100096e+00
-1.332250400416772784e+01
2.334295888461246804e+00
-1.301217723343478916e+01
4.792896370158412189e+00
-1.208487665649469633e+01
-6.586851018090606580e+00
-4.799267772363423390e+00
-8.714970433470931255e+00
-1.626779559901366246e-01
-3.659720629144143089e+00
-7.372032162459897897e+00
7.863717225390644217e+00
-9.313702831934518755e+00
-1.982818549927812368e+00
-7.003922711885096852e+00
4.670121506670841249e+00
-8.980851730036610192e+00
-6.178256678889655795e+00
-8.159159758726922007e+00
-3.634924751103584928e+00
-1.158348378882262786e+01
-2.002376836555241901e+00
7.361275142233812296e+00
-6.119628621892841736e+00
-5.747555759119921781e+00
5.216076557354083043e+00
-6.381342162064485457e+00
3.217936588103543993e+00
1.346717576885898771e+00
-6.426953910643798729e+00
7.959135802920905611e+00
-3.581974221624061538e+00
-7.946886318253506332e+00
-7.783305369662793183e+00
5.926661868936677902e-01
-2.875818885060568597e+00
5.292315509668912732e+00
-4.958405335867947628e+00
-5.098479260757235565e+00
3.216123027623106090e+00
1.370187850622242687e+00
5.186105162168741067e+00
-1.283626562630146495e+01
-2.821863477289042077e+00
-6.568033567953052376e+00
-6.898250856084652050e+00
-5.968750626856226482e+00
-8.074081248671484801e+00
-1.059474863186569138e+00
-6.231918847182437382e+00
5.110021451749216403e+00
-9.916972751329351965e+00
-7.185470974649136977e+00
-7.711759992505692551e+00
-5.889534014542902263e+00
-7.998305527396855297e+00
-3.739191752884166053e+00
3.560064179865917833e+00
-6.757802749704381995e+00
6.565881219559411619e+00
-7.506421507798059167e+00
9.812895788803503550e+00
-2.478655937166005074e+00
7.038155737359621078e+00
-1.152872836253724742e+01
1.097117886975519374e+00
-4.971080673351925050e+00
-3.492207581115653436e+00
3.935336035446943548e+00
-6.740351630711699293e+00
1.704336070083168408e+01
-1.112090156098685512e+01
-7.406487217375427257e+00
-2.871962531269370178e+00
2.346091889479173354e+00
-6.031592239091281726e+00
-5.228679766964886788e+00
-1.067535855830984026e+01
2.140002880990582168e-01
1.077094191016576019e+01
7.904820106860176665e+00
-2.151552267708217503e+00
5.575517929362074021e+00
-7.147544450412991246e+00
-1.656856481952658200e+01
5.211099878482607473e+00
-3.766933653514307423e+00
-9.549026861342872152e+00
3.320573466808020235e+00
-4.159262973097177962e+00
-6.182596710753706759e+00
4.064239683086040777e+00
-4.770065852777713111e+00
2.099990354098018042e+00
4.183852729310937768e+00
-6.896921647534149713e+00
-1.669163038304797197e+01
-9.494500601370292614e+00
3.313122532887490479e+00
-1.106826865269405680e+01
2.969408089954503449e+00
-1.317092523631954748e+01
3.025032824641524787e+00
-2.785047183599475007e-01
-5.014173131218787383e+00
1.871050443987459233e-01
6.283261977566839462e+00
-3.744508341667142304e+00
-4.608081255418142064e+00
4.451442272813769030e+00
-1.090481025702280249e+01
2.743953999710356140e+00
-6.710257617224892002e+00
2.954731700260369909e+00
-1.322374087063191794e+01
3.323778337821627460e+00
2.992963491432835799e+00
-9.303871457311167603e+00
-1.047729577015325120e+01
-7.607491585791101407e+00
2.811355442671970573e-01
5.665019491601587021e+00
-6.350256778835196236e+00
3.918735937482030529e+00
5.860598926835459466e+00
5.971660566836689554e+00
4.715931681510345364e+00
6.528747836904826407e+00
4.569130111210770728e+00
1.024587750159734334e+01
-5.635381465765125775e+00
-6.865947012611893108e+00
2.732837430456487748e+00
-1.322398596491099987e+01
-8.872270160147245122e+00
2.029968219751935088e+00
-1.038504958269508371e+01
-1.209144338792651041e+01
-8.675091831262540243e-01
1.991258220037470217e+00
-3.252810106772211274e+00
-3.005605601292950180e+00
1.743730542413771456e+00
-9.925621897262223214e+00
-9.388148076171196621e-01
1.306304346403421590e+01
2.825666585877761872e+00
-4.301019934594526362e+00
7.575897517443592299e+00
3.211480263993852446e+00
-8.548917509204271070e+00
-7.110059536774762989e+00
4.690255876042329852e+00
-4.896169271657462296e+00
-6.186867173987645963e+00
-7.327621025404809529e+00
-7.225869780275295362e+00
-9.706342547871885884e+00
-1.029230879640631002e+01
-5.662310598393816008e+00
7.737596699923409815e+00
7.972359570486013958e+00
3.221924150101517004e+00
4.526345081927519942e+00
-4.221664762693928097e+00
-4.131046895898993654e+00
2.623916327044959029e+00
-7.912928974456723274e+00
-1.497769711888400801e+00
-5.743039838455195500e+00
5.149337775877776302e+00
-1.341150010530711612e+01
-9.132485757556365602e-01
-5.469093012744091098e+00
-6.525777179909208137e+00
4.027937825884055911e+00
-6.226730323471945994e+00
-5.291960628706875447e-01
1.902202454514657193e+00
9.359665541416362089e+00
5.232417303348334769e+00
-8.204217976630971521e+00
-4.726523246570715209e+00
-1.712167414706982171e+01
-8.113056233188132182e+00
-4.204452807190086183e+00
-3.552183278859124105e+00
-1.459483880158272839e+01
5.891407330991755842e+00
-1.512828852260530654e+00
-1.128556404782075440e+01
-5.077248887486737416e+00
-7.295460404683830724e+00
-4.639577559025669373e+00
-7.538637696889392892e+00
-1.147961617348680718e+01
1.159020816020903233e+00
9.924345284162447101e+00
-5.606477932038962386e+00
-2.416801637206877462e+00
-3.983150196510634178e+00
-1.296980085923452641e+01
-1.118166571194889158e+01
