8.049378022733602478e+00
-1.155190532880373411e+01
-5.232758384362590220e+00
-1.132471349914184344e+01
1.027115554059819758e+01
-3.288459667736120196e+00
3.768559890474936225e+00
-3.800358425539638318e+00
-4.098110824546377984e+00
-9.625084548455614453e+00
-1.669387429675114731e+01
-1.002733351338174828e+01
-7.134245734296328578e+00
2.745778519394107775e+00
2.523612162102324419e-01
-4.308694074514733074e+00
1.610850662361826835e+00
-1.068905303299630916e+01
7.598455202418108456e+00
-9.812352785967892288e+00
2.718618677999607769e+00
-2.066249578175627732e+01
5.482712077638861814e+00
4.414061950322047068e+00
7.693432042461978426e-02
-4.482452418753059220e+00
5.134169676568891560e+00
-1.330918173038102381e+01
-5.138518148482685177e+00
-1.100634634185794525e+01
-1.518164933706284359e+01
-4.737484876092466379e+00
7.318804716267678145e+00
-1.251771769940980050e+01
-1.097137967292299265e+01
-3.398679878044827518e+00
-7.887868435197887607e+00
-1.048487016034668073e+01
5.906758731494818448e+00
9.827659118723708787e+00
-2.808140732674825557e+00
6.933956441890195777e+00
1.029976724999006166e+00
4.197429704239617365e+00
-1.065868488703302219e+01
3.811938052739968441e+00
7.675062005533899168e+00
-7.463118108991501742e+00
-3.599499257913041816e+00
1.004906912242622496e+01
-4.761465824945556591e+00
-1.164232254518957177e+01
-3.721298900080896033e-01
1.006151227207018195e+01
4.736125885163684046e+00
3.288418309413678742e+00
-1.048543026162874980e+00
1.145565995392718861e+00
5.505305079448461925e+00
-8.909432113295792988e+00
3.246491832077467166e-01
-3.081371710949238718e+01
-5.457486312462194178e-01
8.979005575938604267e+00
-4.959257337366828722e+00
-6.734229161359124305e-01
6.452896664789118830e+00
-2.265624656724876829e+01
-9.982697841253258986e+00
-1.433010116715727378e+01
-2.360731827646098679e+01
-9.216235439585812372e+00
-6.327632507550543295e+00
-1.303720464752268526e+01
-6.340483438359431290e+00
-1.502880790089412599e+01
-1.040846279941224140e+00
8.655788049965600806e+00
5.502219548919949688e+00
-2.541688076391168494e+01
7.483018184340860302e+00
-6.472780192990427395e+00
-1.138337386562594133e+01
-1.207378013263300431e+01
-1.067942805413782281e+01
-2.534748787897073896e+01
4.519439125324723250e+00
6.575531241753182599e+00
-2.145516250184894957e+01
-5.564054850995578505e+00
6.587666891728421348e+00
-1.010618099198983089e+01
-2.361247861487150956e+01
1.033651928414899857e+01
-5.195167970391302958e+00
7.177566148686771896e+00
-1.100696627571566566e+01
-3.660492467951915074e+00
-1.039490972494521159e+01
-1.094614535624665308e+01
5.839242843348042555e+00
-1.171954634352750446e+01
-7.469043368673442984e+00
7.155904629567388042e+00
5.994538314971869397e+00
-2.416507288552275057e+01
5.557824835779506145e+00
4.927318967138560879e+00
-6.162397705145480131e+00
-1.370896610746994781e+01
-1.220478323999254044e+01
-1.215706735146175888e+01
-8.321035410743675698e+00
8.245951322079207557e+00
5.656874438688991091e+00
4.471671062122553053e-01
7.044666650172679567e-01
-1.896384269729303540e+01
3.096654818536350717e+00
7.876546892375333897e+00
-9.403739583213770459e+00
-3.858608100924591611e+00
9.859401443561534251e+00
-5.990116543261017057e-01
6.580948519789181717e+00
-8.843940521383228059e+00
-7.937073240439538324e-01
-1.514267806827537655e+01
5.238502240735485316e+00
1.729420427523663761e+00
-1.596571288722973136e+01
3.891203132070280901e+00
-1.810105523344778078e+01
-1.444295844480676294e+01
-2.192556119878917187e+01
-2.195368150656321049e+01
-1.829791598051293278e+01
-1.813992164561483733e+01
-3.123479633291545099e+00
-8.824928052735856454e-01
-5.960817605301041766e+00
3.340248185702169081e+00
-6.530815249987465876e+00
1.016111005261271671e+01
-1.894435105594915569e+01
-8.755655585669025243e+00
-8.338559192813605137e+00
-2.055210475474356357e+01
-9.635310210587793023e+00
-5.247327277066034412e+00
-1.359080639569510041e+01
-7.194560879817224475e-01
6.600301472996871865e+00
-6.481872202868991906e+00
8.235890902032409144e+00
2.208523122178789322e+00
6.220210982358434393e+00
7.835774559794977279e+00
4.650051294358323872e+00
-2.357255813161076929e+01
-6.920733357067945235e+00
-4.278397434890564455e+00
-1.475162476254626043e+01
-7.718871309375412437e+00
4.890711593867113294e+00
-2.677207762038197103e+00
-8.667793646481804615e+00
-1.492831980397106406e+01
-5.783101340937733426e+00
-1.212311226138052689e+01
-1.016750092571719222e+01
-1.134221588927246671e+00
-1.182337851445586807e+01
7.058954161189557652e+00
-1.422319128603075455e+01
6.803996496201502708e+00
-1.935091966847706857e+01
7.777583253283047782e+00
7.929538830073198596e+00
3.010958770010962127e+00
-9.822273822202493676e+00
-6.551673983669562773e+00
-5.855225637423266960e+00
-1.041322947650645148e+01
1.069186011957552651e+01
-3.058557193507411398e+00
-1.057696388794393982e+00
-7.878236946825754927e+00
-2.809863012421371309e+01
-5.217706096125027670e+00
6.695541548029666501e-01
7.577381844107392794e+00
7.723490766720281897e+00
1.075326771532696313e+01
7.556150971191836874e+00
1.488259526809791566e+00
-5.023524171088080692e+00
-2.070319017698176722e+01
1.057883826429593910e+01
-1.563826073823691942e+01
-2.583726628377311130e+01
6.681858102942975108e+00
-4.240531585535919135e+00
5.267350688256858149e+00
-9.502790542462758339e+00
5.742479094979646703e+00
9.340240170722225344e+00
-1.590576391594727212e+01
2.619768629815453664e+00
-9.589692074760797880e+00
-1.272644969970215811e+00
1.916190878151045496e+00
1.125694755004117908e+01
-3.943322941779570101e-03
1.590610079460098802e+00
-6.968287053754139038e+00
-2.001962106265000685e+01
4.158838910198447536e+00
-1.405276910816182934e+01
-2.140228098489636466e+01
4.478388943232090469e+00
7.999888563609847125e+00
-6.560712732210415510e+00
3.140134030596854586e+00
-1.709162332425904296e+01
-4.407895297343603858e+00
-2.179146456618328642e+01
-2.711288105063005105e+01
-1.213198710473551145e+01
4.399995303977377148e+00
-6.677508836665637659e-01
-4.548453557386089585e+00
-5.698791237042271973e+00
-1.073793175938766353e+01
9.598896723029689326e+00
2.775799536588522187e+00
-1.525007294991191742e+01
1.864976639048634866e+00
6.060012802258675890e+00
-1.053388510753400809e+01
-1.031652905585929503e+01
1.725342272960762813e+00
-2.273115674086767513e+00
-2.124034101231768901e+01
4.898900756899870146e+00
-7.448143196037250391e+00
-1.558213174107685006e+01
-2.025403482963174895e+01
-1.032785127818911519e-01
6.542429144412881925e+00
-1.720886510319849805e+01
9.736528759702395064e+00
5.172697305290071768e+00
-1.151619424450418094e+01
3.190822712133620342e+00
-5.334168983265204389e+00
-6.405439069872333135e+00
-2.743069723862856080e+01
-4.459004145400339070e+00
-1.021405766743568222e+01
-5.901736383421280152e+00
-1.391687580580491712e+01
-1.680219923335880594e+01
6.289730862382295840e+00
-7.478454954767656204e+00
3.448933350178087665e+00
8.069586878771371374e+00
-1.275631888246609691e+01
-7.391984778900553721e+00
-1.944339511845799962e+01
-8.447405673344785981e+00
1.267409454229489185e+01
-1.246406423670542551e+00
3.844474632338997111e+00
2.317540886268080413e+00
4.394119684877690446e+00
-7.059297592884728800e+00
8.368639155717932709e+00
-1.176844418520540003e+01
-1.319552715193565007e+01
6.181358351948812668e+00
-5.807309042380971675e+00
-2.293094879913290995e+01
7.175350591169618042e-01
4.502641008027360670e+00
-1.541100817776793974e+00
-6.301046637963729324e+00
-1.578955103592975462e+01
-1.314564668436222661e+01
8.297492357307010735e+00
7.133068403357825105e+00
-5.317943927673965732e+00
-1.503498451884133402e+01
-2.655987854472120091e+01
-6.472616120177118404e+00
-6.757237591253900888e+00
-1.404597286602060535e+01
-5.119340510973959368e+00
-8.611612226229361511e-01
-9.079290942750962046e+00
1.214557693735837773e+00
-2.428041035851023111e+01
-9.420924699053543350e+00
-6.884569789388059746e+00
-1.452031157329122735e+01
-1.846962273003502020e+01
-2.656026299175884731e+00
-1.898616664188566006e-01
2.512954565536745122e+00
5.084491797880396291e+00
6.170189134421008248e+00
-2.736598188740941850e-01
7.056753675802109882e+00
-8.670786737162170965e+00
-7.324000905817023011e-01
4.324024703401725844e+00
6.728093079049912717e+00
-1.234628216975529824e+01
-1.167961610411498086e+01
1.606121328035165163e+00
-7.612648860865860456e+00
-1.386010073564568401e+01
-1.429206270516090171e+00
4.223325987525722525e+00
4.627782595075355943e+00
-7.047725131712510915e+00
4.453030190079580564e+00
-1.354871631127760878e+00
-1.291559286480409341e+01
-1.827861903537872479e+01
-7.444544243245875492e+00
-8.006145945127528307e+00
-1.610983924055265248e+01
7.109611014236818960e+00
-1.265923389201589444e+01
-8.153178647291902337e+00
4.297528028826988589e+00
-6.786601039956529746e+00
-1.703847603453591830e+01
-1.427642495894798458e+01
-2.157671598607964114e+01
-6.822836726226004345e+00
-6.783793338925395489e+00
-5.196681187592304241e+00
-1.032074550658224865e+01
5.383278277850354954e+00
5.841188396084980639e+00
-1.489019236631408560e+01
-1.425043009398074290e+01
-1.207770967155849817e+01
-9.817278412865615422e+00
9.162153554003129585e+00
-1.422735420168032050e+01
4.621960698244947707e+00
-2.315274034464574626e+01
-1.676181245316901069e+01
-2.140424010787061349e+00
-9.930018491174429585e+00
-1.196168068178068467e+01
-2.075706012999971861e+01
1.482143876710857455e+00
7.156488211755281270e+00
-1.622706318809822079e+01
8.017171863998989068e+00
-1.834370055491715235e+01
7.353450360863817536e+00
-1.155403842552959048e+01
-1.880933300262991281e+01
4.693572693586155253e+00
-2.524631099894756403e+01
-8.562410725792972244e+00
-7.317804002041683020e+00
1.700321932975580097e+00
1.374801287232838121e+00
7.041927653965682765e+00
-9.677481361399038917e+00
-6.656949940192312454e+00
4.184130391543114058e+00
-1.378986181103055841e+01
-9.743242315440564738e+00
-3.729485408804404045e+00
9.545805934050516584e+00
-3.704475899919451365e+00
-5.204648149629392151e+00
-1.250314740091250343e+01
-1.434587531305152197e+01
3.846849325072845716e+00
-2.062420428212032419e+00
5.666356272673695571e+00
-1.277417750809610908e+01
-2.223525079760285905e+00
-1.360012539043188440e+01
1.002425868562448841e+01
-4.269567102713637041e+00
4.869946083945581705e+00
3.405271661936179584e+00
9.003639677679593945e+00
-2.181570502174135484e+01
7.297709067978839670e+00
3.174358678000611889e+00
9.395265212179634062e+00
-1.186193523388536519e+01
-4.797376735512326462e+00
9.703857105237556624e+00
6.830489077293290023e+00
-1.432298273762976848e+01
-1.933568336329310000e+01
3.360447399524638001e+00
-1.148658198318543455e+01
5.591393188891565558e+00
-1.659650834458169300e+00
1.007165380081756467e+01
-4.326150248319962088e-01
-2.321016621636439936e+01
-3.083863445820089311e+00
-2.286517803117975234e+01
-1.027448677157544665e+01
-1.223407670142129788e+01
-6.546088515842537703e+00
1.162207635909632586e+01
4.353936188914140359e+00
2.221110251474534891e+00
-6.275733126833447528e+00
4.076658583181895779e-01
-1.875041905884792115e+01
7.855618705616095099e+00
-1.095339395129457216e+01
-1.411960166644657733e+01
6.580627751522516888e+00
-4.708857378219249767e+00
-1.153754165302448698e+01
-7.876970196776447608e+00
2.608167451366270484e+00
7.034889978681384548e-01
-2.691860249810932970e+00
-8.521766705128275277e+00
-1.350154845676201631e+01
-1.496668005107165556e+01
-2.090164696661432231e+00
-4.552247920152701965e+00
-3.062116917164789953e+00
-4.805845968323676942e+00
1.859159260665958158e+00
2.017011156790243120e+00
-1.630124841734853902e+01
-1.178223935288578517e+01
6.610284837988022133e+00
-2.496103498528702147e+01
-7.506502224903172760e+00
-1.981862402920289412e+01
-1.803721440720995872e+01
9.216714736891397308e+00
-2.545361686697502890e+01
-9.322466925548766881e-01
4.633684203109357469e+00
2.420381391169819096e+00
1.391047400541392420e+00
5.979696948931358946e+00
-7.367061828727646144e+00
6.738682635512240893e-01
-1.862259712486837415e+01
-4.358990498810353387e+00
-2.061799737069192773e+01
7.704323864911689412e+00
-6.253315372564358654e+00
-2.372094987440370062e+00
4.963390511037363950e+00
4.595394195074273824e+00
-8.939989420138950038e+00
8.799043964100114579e+00
-9.142870624359293430e+00
-7.054773883552392988e+00
-2.948142185328182308e+01
-2.074123911618070792e+01
-1.975564185672996942e+01
9.507674692791766802e+00
-7.331233424151676559e+00
-1.234985847427790873e+01
-5.051484293701811623e+00
4.892200219187252230e+00
7.653012364217936181e+00
1.404920951650112215e+00
-3.977571164810697724e+00
-2.632444537733239898e+01
-1.391428593111854184e-02
-1.707989027626770806e+01
-9.075860686284620726e+00
7.249529487412981865e+00
-9.002474410532244065e+00
-4.976549044301531666e+00
-1.099372441428541691e+01
-1.523985275225071945e+01
3.104908996570401314e-01
6.433225315115738141e+00
-3.811525471309373359e+00
1.315673832156786460e+00
3.674877415496951016e-01
-6.308021919977633729e+00
4.211532124145755063e+00
-1.422781039976197803e+01
-5.231404109224385479e+00
-1.411614056676637574e+01
1.624329622967124465e+00
-1.769503321527958661e+01
2.334302181950153710e+00
-1.993086114742783721e+01
-1.374684379139990398e+01
-3.856734671448791119e+00
-1.105747296251785272e+01
1.579821138939390579e+00
-9.729341755422872495e+00
-1.054018626140089765e+01
8.993734119386914472e+00
9.145132879049089780e+00
-1.429864847569452024e+01
2.610939622606299082e+00
4.006519874967345629e+00
-1.219685674636407313e+01
-8.082747579008877636e+00
-1.546366705930111962e+01
-1.118689610763598097e+01
-1.179649087924970274e+01
-1.880555392439272211e+01
-5.217619990632829996e+00
-4.396275476663607407e+00
-1.912806079058125164e+01
7.879882865578867523e+00
-1.700690985691643675e+01
1.437823109385156783e+00
-1.803379555904201936e+01
4.929881251145264542e+00
-1.787448870356012520e+00
-6.073650752499833771e+00
-1.380975086328681556e+01
-1.017524169459323602e+01
1.363824276301560445e+00
-5.268839648110716922e+00
-1.731578522355816929e+01
-1.719472167519423067e+01
-1.233935211950725730e+01
-1.317751232785678184e+01
7.252693712654103564e+00
-4.690757212012407251e+00
6.778874504166591208e+00
3.862829166047610840e+00
-1.026168647939701373e+01
-4.240792950172274089e+00
-2.271402286617011157e+00
-1.016913236231786044e+01
-2.629739626456229473e+01
5.652359908261090027e+00
-1.100792939602538922e+01
-2.805047909258167493e+00
-6.077447291636996596e+00
6.003654935191583775e+00
-1.588980541211829589e+01
-9.762622559411852308e+00
7.921375186046514472e+00
-9.598807233070616007e+00
-7.094868488764063841e+00
-7.421182326274742280e+00
4.849437731909890914e+00
-2.902894190793816165e+00
3.241494867368992061e+00
-2.115191934851113231e+01
7.359031282441282684e+00
2.598034842744016970e+00
-1.387043318724379048e+01
9.908208454938687737e+00
8.882294639096599553e-01
-1.562550525232396126e+00
-1.321366890440016562e+01
3.418844667610560606e+00
-1.002659788150998921e+01
-1.780892676001144537e-02
-1.739945698731533952e+01
-5.526604158349794460e+00
-1.151565018040236055e+01
6.264704252905687554e+00
-2.166366463832126499e+00
5.010732293915033608e+00
1.417502592192072086e+00
-1.925053660106014775e+01
-1.246763933278397829e+01
1.017646726155416204e+01
-1.401247659537639123e+01
4.275047599045390001e+00
6.554913944305251761e+00
6.823151425130021153e+00
4.501227307803574718e-01
-1.499303288508922094e+01
-4.971080922126098756e+00
-8.640262295692853201e+00
-8.004437241026732153e+00
-1.322670893352755428e+01
3.991044170071127439e+00
-8.579878318621965150e+00
5.361800215341705922e+00
-1.020499464725734384e+00
1.145583847109225673e+00
-1.888166874441189691e+00
-1.061756307220163009e+01
-1.363262316977175104e+01
-1.066946955181425238e+00
4.222680877258586207e+00
-3.567519884460303103e+00
-1.319707554813249928e+01
-3.503012110512944588e+00
2.334976335354582488e+00
6.557989236511261311e+00
-1.620529781158354865e+01
3.264131540814656063e+00
-1.389444862023957228e+01
7.078536341305309065e+00
6.711282384153207659e+00
-1.513386176141776573e+01
8.175830954540057149e+00
-2.184064919409740213e+01
3.163155875194242128e+00
4.791354451152219696e+00
-9.350620670081102759e+00
-2.116865486585140843e+00
5.664209346480863161e+00
-8.060947348634851295e+00
-9.832909862167099391e+00
-1.719542048094750086e+01
5.510124735065662804e+00
1.171540148829671324e+01
-8.615494916845328532e+00
-4.162553856292035448e+00
-3.827082745952434806e+00
-6.525911940812733292e+00
-6.295380310124592427e+00
-8.436819152427329271e+00
-2.123030967315280293e+00
-1.139982519516930282e+01
7.199326204486851566e+00
-3.243829422299711496e+00
-2.195212420464544678e+01
-1.300925035952576536e+01
-7.207238551540815052e+00
-9.881597389612394977e+00
8.146647251647443966e+00
6.780777258693699849e+00
-1.969969188903107948e+01
6.919791216552692248e+00
-6.870590677079491115e+00
7.245584585078184148e+00
8.765377100783958042e+00
-1.040176555017112392e+01
-6.615563823341229721e+00
-6.146369768422232482e+00
-6.561855592568754503e+00
-1.491195873597298771e+01
-6.082748900161760730e+00
2.198524675875706436e+00
-1.503092110216799071e+01
8.185865511445385323e+00
-1.665195224990813117e+01
3.534107347311067571e+00
-6.216927655663667451e+00
5.403756971465611514e+00
5.558937401179669280e+00
6.238204846291377947e+00
1.108841508616251303e+00
-1.501267252866555069e+01
-9.736199284611274152e+00
2.392512598328487172e+00
-9.546197042606895167e+00
8.338016764334096109e+00
-1.064221591771937625e+01
-1.162822374484131771e+01
6.416499466207152835e+00
-1.686493663613862282e+01
7.381671823672352417e+00
-2.580477190814860933e+00
7.506182869326025298e+00
3.923851367047404892e+00
9.917953773855888500e+00
-2.538888406781241258e+01
1.032217479811558647e+01
-3.922903484948960795e+00
8.262516828202503660e+00
2.041589548190231085e+00
5.031130937127073821e+00
-7.441444078147693375e+00
-3.772516967594327753e+00
-1.778077436831252811e+01
-1.886021816785264704e+01
-1.891927959886401567e+01
-2.283293230134304963e+00
-1.971508690029396149e+01
-2.020724712430260439e+01
-8.175109277056154866e+00
-1.203139352596124567e+01
5.843480967523245084e+00
8.413635333215118806e+00
-6.804854495345697529e+00
-2.444696599204597476e+01
3.628628538068483067e+00
-8.872399426078537488e+00
8.075153510643033883e+00
6.072521494588631441e+00
5.490515297379126025e+00
4.165917482857583565e+00
-1.151516037439424167e+01
-1.757217847034189973e+01
-3.475357622430681914e+00
-9.425622515249543198e-01
-1.046965413315588833e+01
-1.092997908467656387e+01
-1.022325378475562019e+01
9.731492521064811996e+00
-1.031946737853493445e+01
-1.743766641420548069e+01
1.495111696862714723e+00
3.349462561038478725e-01
-7.363195833423539227e+00
3.014156436311932197e+00
-1.556325027121314619e+01
5.688893478166431095e+00
4.635747312453254665e+00
-1.299792442376862667e+01
1.085812369977402980e+01
8.643927391143161998e+00
-2.464800170114593669e+01
-3.381351599546761122e+00
-7.082732688992336989e+00
6.339134080285386830e+00
-1.633936847574245732e+01
-1.306127881414766279e+01
-1.241528227115770733e+01
-9.568637926405457961e+00
-6.885363414798607806e+00
-2.437441219410089843e+00
5.257351275536578328e+00
-1.775662600627403975e+01
6.390788687615572172e+00
-1.694999650966455107e+00
-2.745884861154870293e+01
-1.843124406139414617e+01
-1.931736529766471477e+00
8.893974927952264409e+00
-6.282304191551268957e+00
-1.869108009989607311e+01
-5.681148424622769255e+00
1.101218361933863576e+00
-2.037400081090936155e+01
-2.420912997377950404e+01
7.314248071178461430e+00
1.177202296309473439e+01
-2.156236756721980896e-01
3.482470957391981869e+00
-3.550677452057495742e+00
-1.043677085854687903e+01
-2.392557253111387894e+00
-3.183951055356114779e+00
-5.045491535877673073e+00
-6.132426285809096100e+00
-2.578392344701342154e+00
-6.240586963148931687e+00
-1.140111144004353250e+01
5.834149337864271700e+00
-1.360499376725312359e+01
-1.265967836608090025e+01
-6.597280957031735227e+00
6.614957076393856994e+00
1.001314062454820331e+01
-1.334054479108961999e+01
3.565226174793487246e+00
5.403602003857809422e+00
-2.026886748131030558e+01
-9.804725318253236566e+00
6.714070313700403858e+00
7.936888437387121797e+00
8.531837759702348478e+00
2.493165014687740211e+00
2.231936200444021523e+00
-1.116808711161437273e+01
3.476907257486594460e-01
5.883466667144645612e+00
-1.910652149008413403e+00
5.449955754907886529e+00
3.945739311644693714e+00
-2.530965554039191545e+01
-2.074103642183843732e+01
4.238329032647801142e+00
-2.960185743995397445e+01
-1.377791406064284274e+01
8.941454517829892978e+00
-1.236797459769818630e+01
5.394393411085946610e+00
3.452685983168780837e+00
-1.235263713996172186e+01
-1.019345402969343439e+01
-1.382728713546777399e+01
4.557771007820097253e+00
9.562048868014841219e+00
-1.078167821111597036e+01
-2.086288308268940739e+00
-6.040060356349631121e+00
5.536649315172077479e-01
-1.764965854475589069e+01
8.137687836332933244e+00
-1.004899217654192256e+01
-8.015881861477534898e+00
7.194316994835610046e+00
-1.660864485959174885e+01
6.773217311351416470e+00
6.662422362957638455e+00
4.741569871479008214e+00
-3.278401062656897125e+00
7.337469427678271927e+00
-1.538021658455886254e+01
-9.654868902871193370e+00
-2.325935030328313502e+01
9.532699392398527038e+00
-1.482362295736862734e+01
-1.038889284414808500e+01
-1.100101145229630717e+01
-9.722139850946270201e+00
-2.086790087647365510e+00
4.204101016144218050e+00
-4.326422890821142175e+00
5.191049047469768141e+00
7.862904303305455755e+00
-2.093183104180839038e+01
-1.179660570272558573e+01
1.231792614091728311e+01
-1.103628536045707165e+01
6.836644252986808112e+00
-4.656829034397524936e-01
-1.958704368477435764e+01
-1.453646725777896265e+01
4.267920033519018830e+00
-1.095721708779862880e+01
5.093612510834926610e+00
-1.721039505080296550e+01
-8.458126160148253803e-01
-8.713969439646728432e+00
-6.720926275751537560e+00
-1.323678789427976454e+01
8.884946901519974460e+00
1.403202956516366839e+00
7.603317248800827599e+00
-8.839621755329549302e+00
-1.406664895811836402e+01
-2.309906916022232082e+01
-9.266440135037587567e+00
6.433432587572642802e+00
4.624478796206776821e+00
-5.604647747230082189e+00
2.055970271802848970e+00
6.391602523678901804e+00
-9.850619114974080048e+00
-1.677596058080474961e+01
-8.088916232341034629e+00
-9.126750533746189831e+00
-3.930344613070424487e-01
-7.032236944163791748e+00
1.063824321736905176e+01
6.136833505294767122e+00
5.751720906028253921e+00
-1.338048696819298655e+01
-1.983056954570260544e+01
5.776181524432619341e+00
-5.335384037066031482e+00
-5.483825057072955644e+00
-1.878162542098907295e+01
-2.392257215622019828e+01
4.119090088992102494e+00
-7.627781518021222951e+00
1.435845624578881541e+00
-1.236593821679274896e+01
4.357431617392798273e+00
8.669463473052800850e+00
9.947203449607084025e+00
-6.565234788020951839e+00
-2.008185189716250107e+01
-1.027136593707843204e+01
-1.959703358921672134e+00
-2.159740672378287130e+01
-4.521633777157660461e+00
-1.973862117499315616e+01
-3.404836610019170706e+00
2.405724665359713299e+00
5.708750417210406880e+00
-9.006557490793625220e-01
-5.131604270263494527e+00
3.594430129028943099e+00
2.803490911171166999e-01
7.892129726604377282e+00
3.664699288879379679e+00
-5.546697475949571299e+00
-7.763193335941053874e+00
2.198354462508735452e+00
3.166787079909855862e+00
3.970753895204598649e+00
6.698190229812581720e-01
6.538214982499379602e+00
-1.892705783978594525e+01
2.506015329723044971e+00
-5.668355799533991046e+00
-5.715428189217952593e-01
-1.784209380151620650e+01
-1.970691329788683532e+01
-2.061983108566680656e+01
3.536383377140769113e+00
-5.028058906227542479e+00
-1.376938736832009269e+01
-1.387269150176908639e+01
-2.382300462249791195e+00
-2.746482833316221672e+00
1.066850074986729879e+01
-1.436756298016674549e+01
-2.180582303997376670e+01
-2.582468465654025991e+01
-3.243335662324312807e+00
5.043761424815674133e+00
1.179782671899523905e+00
-1.998809138271468910e+01
-1.678256167885401950e+01
-1.417147973609961653e+01
-2.042920251093281436e+01
4.903153611988592786e+00
-9.989823571172316008e+00
-4.797413143999662566e+00
7.585550473067169008e+00
1.700096430934078029e+00
6.280742897535454006e-01
-5.934121424544780865e+00
-1.133002287744293568e+01
-5.156833131654760649e+00
4.074553242242892281e+00
-1.527754848785463082e+01
4.860671845539116021e+00
-2.080265113600124494e+01
-1.128407344882797858e+01
2.774714061765156004e+00
5.795142352110428163e+00
-1.720287964859922525e+01
5.318256671443890582e+00
-1.210010269688800122e+01
4.676814977235082438e+00
4.702321870387262237e+00
1.100126165005981704e+00
-5.688722126307002469e+00
-1.306928734545640935e+01
-1.845945726160154621e+01
-1.239602822218063594e+01
-1.270877547121067153e+01
-1.002369940380999225e+01
6.935875723531193415e+00
5.778268812214861327e+00
-2.119214668806551316e+01
-1.294894832614310687e+01
-2.285796478415498001e+01
-1.807069337843770285e+01
-1.520245791789741929e+01
-2.139936690445316003e+01
7.483217974676705353e+00
-7.748081332322804826e+00
-3.690946195444276157e+00
-1.460757464363645042e+01
-1.791496790946840889e+00
-9.150398952940228980e+00
-8.197243423063962808e+00
9.122421163339176076e+00
1.644485697307004557e+00
-1.297800836060538643e+00
-8.196964409806597018e+00
-1.278789177080985340e+01
-6.898359100043769843e+00
7.391766387023171347e+00
9.139426817237854550e-01
6.710041093171035698e+00
-3.793724419871725928e+00
4.867070790945220438e+00
-8.548775390962713772e+00
8.050914823304275103e+00
-7.022870505922409023e+00
-2.628414213582122017e+00
-8.961529086508416952e+00
-8.794261864522468386e+00
-4.069991198626642159e+00
-8.502446367200960253e+00
-1.407672740493138974e+01
-3.972239412218065979e+00
6.794717962757676588e+00
7.508971777334956244e+00
5.377103221842379099e+00
-1.207075012644570222e+01
-3.617396501529274389e+00
-1.369284526293877136e+01
8.676240944025735757e+00
-7.633931072237071902e+00
5.975643388070555062e+00
8.475987376654501304e+00
4.132393492447665295e+00
-1.173241614178354553e+01
6.858175614422595601e+00
-3.147105161360553183e+00
5.622353860711470475e+00
5.601721159409976281e+00
-7.331787861220540492e+00
-2.732254405167637401e+00
6.632276739403899057e+00
-1.686200232348030070e+01
-2.086495677699132756e+01
-4.775270226517001504e+00
-2.185933781458804148e+01
4.570587696778289910e-01
-2.338578933375397639e+01
-1.501432032565837460e+01
-4.049800236572441037e+00
5.795445907175007960e+00
-1.146113489377090389e+01
3.489154459578209355e+00
5.179166682572450497e+00
2.312784360068601330e+00
8.502853011057631250e+00
-9.648478823495302947e+00
6.165213396090219788e+00
3.872590363402146352e+00
-7.784092450253883300e+00
-2.402555996518786685e+01
-1.378272799143180904e+01
-1.256526891848974614e+01
4.012699475794086368e+00
-7.485086705107619309e+00
-4.739657154127748129e+00
-1.065756879914320265e+01
-5.697625187223692933e+00
-1.553270535139970221e+01
-1.781231631070869881e+01
-1.502612859693729774e+01
-7.143347398424346295e+00
-1.055085072388810374e+01
-1.601964084371927299e+01
9.616558064259344007e-01
6.020102799947601113e+00
5.501715896170292552e+00
-8.054371002202071139e+00
-5.614039449141920102e+00
4.311768301890875676e+00
-1.953863393838864226e+01
-2.425079758118592110e+00
6.338566746013569286e+00
9.414871011195998562e+00
6.482847692569901454e+00
-2.275028389288408448e+00
4.055848638452971500e+00
-1.294431493979710979e+01
1.032990204402537771e+01
-3.956699482015100244e+00
2.000196176752705668e+00
-6.101561514778392592e+00
3.805412887360120067e+00
-1.190226745420842747e+01
-2.151441676916908818e+01
2.814327429021403759e+00
-2.665775921388060965e+00
-8.408069932394759860e+00
-1.241252541412897159e+01
-2.059069661592415912e+01
5.919696455687414982e+00
-1.714216706981459026e+01
5.142920420573641849e+00
-1.275611730551247902e+01
1.088329643256809121e+01
-1.368423003595847121e+01
-4.211540566089929882e+00
-1.187765536662443111e+01
-3.886064024167939834e+00
-1.155285388045742678e+01
-1.359976469610965921e+01
-2.236763979138326164e+01
4.511280531432753094e+00
-9.747755401172312872e+00
7.318050558943873796e+00
-1.485984060685524355e+01
-1.319754760026096818e+01
1.041492845833051462e+00
-5.488846079672885736e+00
-4.048786569600235197e+00
-9.889314766140337554e+00
-2.124943899983536610e+01
-1.828291040935654976e+01
3.462273423921114812e+00
1.963571545066386648e+00
-4.974756733859440061e+00
1.013921364711054451e+01
8.054554748817846388e+00
5.565100298500301079e+00
1.295590486410855391e+00
-4.855670584329189410e+00
-9.726333220000071833e-02
5.621588269121847503e+00
-2.460202971896478630e+01
-4.905328167619629198e+00
-7.924022598438384080e+00
6.245724538470497578e+00
-3.469244390012093504e+00
-2.196657468045380313e+01
5.485289864098195523e+00
6.022484983398850744e+00
-6.966963814573613689e+00
-2.024400337934407190e+01
-1.010052641341921031e+01
-5.753792774671104837e+00
-7.612630663135401932e+00
-2.406457793825339309e+00
-3.240050546186381553e+00
9.320685054288446736e-01
-1.887711057274652404e+01
-2.271672650312988040e+01
-4.808641316261748955e+00
-8.366825283636160293e+00
-1.446330770641685604e+01
-6.726765120887570504e+00
-8.830675386323509457e+00
5.952972799864230780e+00
-8.836211611136111088e+00
5.440484097025994004e+00
-1.039626065775177821e+01
-8.213796270499972962e+00
-1.564506343214295825e+01
-5.769590275794907797e+00
-3.332449431333412093e+00
-8.589332232352798968e+00
-9.996102061678108441e+00
-4.579389608698104297e+00
-6.358570986377312551e+00
-1.955921474403306348e+01
4.912431340858656625e+00
3.289312693955753986e+00
5.103402529094314133e+00
-1.316571959556785743e+01
-1.292517804605420295e+01
1.103080073069979505e+01
1.038644623048862314e+01
-9.800769464974820266e+00
9.295481209064607953e+00
7.853271722780089448e+00
3.167029502405416252e+00
5.866894544814215351e+00
-1.809973462429770308e+01
7.474042302509840141e+00
-1.780663895286367193e+01
9.362062541117452952e-01
8.999242448742819533e+00
5.958816951559818165e+00
-1.138841577646391556e+01
-1.826766525592473656e+01
3.303238072132565151e+00
3.067139892415795543e-01
-7.250385676427768544e+00
-1.304674860415165227e+01
3.560493080087741902e+00
-5.080644292436264919e+00
-1.518833458667934266e+01
8.813228044184114651e+00
-9.566618626965741612e+00
-2.591159541575143166e+01
1.149420949081894250e+01
3.099075869778150860e+00
-1.593520684799358378e+00
-2.912382866840857787e+00
1.544487612751250794e+00
6.000565610037888575e+00
9.142441499566373864e+00
-1.725098279618446639e+01
1.598720708350221287e+00
-1.413878098150247453e+01
1.088004825724685531e+01
-1.749674350582176885e+01
7.087714312412245476e+00
4.003935913167865124e+00
-5.145644911986948955e+00
2.991341237417330490e+00
-1.324604448653154520e+00
-9.145992661147197111e+00
1.249162113045088063e-01
-4.166063325176249776e+00
-5.605119225579318964e+00
-6.434073725734418048e+00
-6.207390689172111564e+00
-1.978063711306111472e+01
9.392570984141912049e+00
-2.256030103307086776e+01
7.625363103941324994e-01
8.199052455586997468e+00
-1.130926141392335182e+01
-2.375571295770673430e+01
-1.008797152460056523e+01
-1.407430658971136239e+01
-2.370312780682713338e+00
-1.477436718967924278e+01
-2.016039686890814409e+01
-5.948780563885367911e+00
2.673383460350869711e+00
-1.515321280284163308e+01
-9.348309807947970285e+00
-6.230061692836947884e+00
2.581611208087430498e+00
1.750477103616255192e+00
6.072220830953156678e+00
-2.418685770368424315e+01
7.757062298128271749e+00
-5.826287062763999103e+00
-1.361429386938968022e+01
-6.078393710343807044e+00
-8.204937654363853028e+00
-1.363143816581297330e+01
1.004861572080392307e+01
-2.256820911165234023e+01
3.798693959610798032e+00
1.031838200020708385e+01
-1.050368616272192668e+01
7.375788989850612154e+00
-1.501545592623492098e+01
2.830478481535436686e-01
-1.358394121766308515e+01
-1.948772110561360549e+01
6.721695780438434298e+00
-4.315451009250349301e+00
-7.800644847008985749e+00
2.481527301471160740e+00
-5.945256198596617025e+00
-7.171982391198806539e+00
-1.704249457167462367e+01
-1.480002023193354432e+01
-1.664271462033053695e+01
8.776829615781590377e+00
6.204430086591742111e+00
-1.165937432394455442e+01
8.144275372423209092e+00
-6.584570053026975955e+00
-2.524083407557727199e+01
6.530582016298374981e+00
-8.613105521573210410e+00
-2.009303238781560808e+01
-1.279780950012155571e+01
-1.080668851837148381e+01
3.332303748297992030e+00
-5.267877984018809912e+00
1.919896567655850816e+00
9.175322263404744660e+00
2.239199147948376378e-01
-7.705292558321911400e+00
6.541576696157889614e+00
-3.432885467001121071e-01
-5.793991911913636272e-01
-1.358181200571111802e+01
5.988623955090346840e+00
-3.163833233837727832e+01
1.038131160911544271e+01
1.202005517155367187e+00
3.347222400273992093e+00
-7.628829333375470867e+00
-1.086612100681723803e+01
8.485531749829373638e+00
-1.750437183061523072e+01
8.165248689223570722e+00
-3.989634776218409229e+00
7.563973157795924607e+00
-9.493539482629085313e+00
-1.470210379662781719e+01
1.127839919063628571e+01
-2.168678273596722050e+00
-7.555897811936297614e+00
-1.896903515226459547e+01
-2.046067599826297823e+01
-1.938928370457652761e+00
-7.160933088980190320e+00
-2.153617951915010309e+01
-9.799621048406404356e+00
-4.604282254132538554e+00
-2.190713199256312294e+01
5.583626403173624908e-02
-8.324504299490357084e+00
5.479164732416492711e+00
-1.594674189065480974e+01
-2.218496994188228655e+00
-1.440148202198800931e+01
-9.981279880257474701e+00
1.025940260876727450e+01
4.484050023169825039e+00
1.104053049847237844e-01
-1.150255695334934813e+01
-4.479777974971757004e+00
2.011863093477430198e+00
-1.983076873660651529e+01
-1.133995407492499652e+01
6.840364623143532441e+00
-7.153377987049921671e+00
7.805544473100095360e+00
9.835278026417366704e+00
4.614869346690507967e+00
4.362444731631121897e+00
-2.105736938492531962e+01
7.559277794784556193e+00
-1.123926147428636213e+01
-1.775575989863871840e+01
3.482017199643856031e+00
-3.600185911182137488e+00
-8.428536959777062521e+00
2.251723826561619290e+00
-9.501017606289806849e+00
-8.045849578904523014e+00
-1.480040574144960175e+01
-5.336396164246039575e+00
-2.096324187273825856e+01
6.025202329908530885e+00
-3.992467969466041211e+00
4.292341934573443041e+00
8.691605417225861885e+00
-5.756936964397620926e+00
-2.038812984763739067e+01
-1.502542847397349490e+01
-1.522851942681985804e+01
-1.387170978937812293e+01
-9.945136131368428778e+00
4.749361905184457555e+00
-3.727458342671784663e+00
-1.973573610111101573e+01
-3.796395196608493450e+00
6.427277798986160917e+00
-2.755238320793417017e+00
1.791546222306241276e+00
3.619874910166728910e+00
4.624099830671124067e+00
-8.623939441686637508e+00
-1.378489577496034713e+01
-3.677980809841827181e+00
-1.785454310173484771e+00
-4.925352040046803381e+00
-8.093176080556361285e-01
-1.813393804125064079e+01
6.797171207025236583e+00
5.844223726881850212e+00
-1.002767442390547004e+01
1.045234369679884878e+01
-1.155936111820879120e+01
7.358030966390778360e+00
-1.347521837931860489e+01
-1.503645585739741364e+01
-9.409303627662254144e+00
-3.979406685760096707e+00
-3.030534048016068738e+00
-1.352215606035215956e+00
-7.948853338791199263e+00
-6.010932442255874975e+00
-1.170546885969468676e+01
-1.614254339384612180e+01
9.341494407204081085e+00
3.699814743779139548e+00
-8.033728897608394703e+00
-7.576408014963476489e+00
-1.060550710138837616e+01
2.788414584625691361e+00
1.957017781201777495e-01
-1.872817789994808280e+01
-1.044375804955151921e+00
1.015297104179220256e+01
-1.490258325482653134e+00
-1.523787609459352410e+01
-6.586383349180213287e+00
-1.438771200518242210e+01
-4.941577893368151564e+00
6.421261416679413969e+00
-3.325161192803562926e-01
-8.274016876032092682e+00
-1.274108673369660494e+01
8.522957218400630808e+00
-8.526267561591648558e+00
-3.229097496581079696e+00
-9.138896715506362511e+00
5.919827585250871493e+00
7.937744842797702205e+00
-2.048386678215707235e+01
-5.256578660055460261e+00
-1.007369141800448986e+01
-1.463149493845294558e+01
7.344870775078863545e+00
-1.341235470032270882e+01
-5.627017988576675123e+00
6.904690289969828143e+00
-9.793494674050965187e+00
-1.094297823547153570e+01
1.248960670053588018e+00
-2.333918994839883609e+01
3.680330849614328770e+00
-2.730913510775685893e+00
-4.593185024093124014e+00
-1.853461117790434542e+01
-6.326387801222217888e+00
5.866509117771297355e+00
-8.662968458617520184e+00
4.759741789898107811e+00
-2.404181222175302324e+01
-1.865854840643759260e+01
-1.813056026100427687e+01
-1.764467583449832944e+01
8.394672180718728782e+00
-4.779340745205011842e+00
-2.131546217012356337e+01
-3.726508546886574180e+00
6.340805265376047828e+00
1.082401189716861722e-01
-4.554984208388773936e+00
-4.144441464536509301e+00
-2.005012507721183113e+01
-1.844392251872971400e+00
-1.207052624260766649e+01
-2.039581442021646041e+01
-5.365670366321026563e+00
-5.417914526634302064e+00
-1.034523271538282785e+01
-1.849795257026869422e+01
-2.397072575609125877e+01
5.868164264092886384e+00
4.253811233376225687e+00
-4.695122155533180575e+00
7.433546458439220572e+00
-8.596430626577124201e+00
-7.755457888086262130e+00
-2.207317333416845884e+01
-7.550672225084746003e+00
-8.620498032021728818e+00
7.925820382122807928e+00
-3.416717290327397905e-02
-1.741617507861658964e+01
6.225328351415555517e-01
6.255380123894642708e+00
-1.065987128004316276e+01
1.112122700391732621e+01
2.138729518446567113e-01
-1.322828680530827228e+01
7.342236460784334895e+00
4.937929132204221361e+00
6.322964227823252514e+00
-4.682651250937645671e+00
8.063623937647633966e+00
3.836633164014386921e-01
6.257345856091802716e+00
-4.699909142225067171e-01
-6.136525217438624225e+00
8.135234329946239740e+00
1.449052518668555223e+00
-4.377184920700631920e+00
5.719253006458473010e+00
-5.689835490658321504e+00
-3.803071968182045737e+00
-1.073795821191614408e+01
3.135643696379737833e+00
-4.700755567192516082e-03
-2.671006105539284192e+00
-5.625702136321603319e+00
-4.461315993734121577e+00
3.143501850762557837e+00
-4.680086216759995921e+00
-3.266089681848050930e+00
-5.560535392270043786e+00
8.621865908712145199e+00
4.235642847621711837e+00
9.959754043114010358e+00
1.752802830808519730e-02
6.665897915586555200e+00
3.685308563905284274e+00
6.616438695721910790e+00
6.203339512227802999e+00
-8.714846809326772359e+00
6.650468537936159663e+00
2.436571815763080906e+00
-1.476926863390519884e+01
-1.351867333034745400e+01
4.370097812210747890e+00
1.006202815193876887e+00
7.719993238719418116e-01
-1.787438690258773732e+01
1.110328892707598669e+01
-1.355414572730182954e+01
2.019482281090972720e+00
5.809797166616569086e+00
-2.256654444578542851e+01
4.573147492371731460e+00
-1.846291536113617582e+01
-1.609035442520013248e+01
-1.345898048813639392e+01
-1.625154178117297832e+01
-1.856968999073226101e+01
-1.942285964608867488e+00
-4.436059644532360124e+00
-1.379969570589345551e-01
-1.126329972147373937e+01
-3.048290912695235733e+01
-2.908922530342945123e+00
-4.539711145063520803e+00
-1.038395852294640065e+01
4.295174899280048919e+00
1.227085466579674033e+01
-9.208497634060098136e+00
-7.816811790470136856e+00
2.105607813511412019e-01
-2.189954512253689956e+01
1.104214975590267045e+00
2.348526254049232875e+00
-1.043259864997714814e+01
5.843413994630530794e-01
-1.273468881606226688e+01
-1.019145179622982411e+01
-5.342969013118477051e-01
3.001799793335489852e+00
6.681678177239668059e+00
5.424580643449530726e+00
-4.144687700571566324e+00
-6.775994454762823693e+00
9.396899026860310755e+00
3.053297451845306654e+00
-2.923851350778068792e+00
3.763532191367023216e+00
6.264857079133381745e+00
4.877842469414044757e+00
1.413240791543207919e+01
-1.165079876500425726e+01
-8.403762430311786602e+00
-1.028062544261968725e+01
1.893535244603675949e+00
2.012577432581561965e+00
-1.632821792017850271e+01
-7.834307520183124041e+00
1.246465245591565463e+00
-1.889935688633989486e+01
-8.651114440533962835e+00
1.008548406042682188e+01
2.622540903320889072e-01
-1.968725345260253690e+01
4.809531728612132184e+00
4.652405472973498490e+00
7.983653159005811517e+00
6.005721989238551828e+00
5.990352159852378122e+00
-1.920533874371091798e+01
-2.166379916974618425e+01
4.239098630507214693e+00
4.659225075041355524e+00
7.723984957176703858e+00
3.723070794032103947e+00
8.473851767349906083e+00
-7.571462992104770251e+00
-6.348587316348545784e+00
-8.186768068191831560e+00
2.314489292224834571e+00
-6.930494523783899297e+00
-1.005272316766209073e+01
-8.473754896500363287e+00
7.606037772453142054e+00
1.215628313689489204e+00
6.006796125803504083e-02
-5.797107961811853727e+00
6.908211892010982069e+00
4.398317991268246629e+00
-1.907520159742479393e+01
-1.360475827431020690e+01
6.141273803349136529e+00
-1.931239753015753280e+01
-1.243726601410413224e+01
9.311247766099789658e+00
-3.087238720329440156e+01
-4.758077586141098436e+00
8.194467202562250918e+00
-1.395256774905960384e+01
-3.767521867423763382e+00
7.159950412016726773e+00
2.824285830737750302e+00
5.549882615576244405e+00
9.495372292157636451e+00
-1.917969886690876180e+01
6.109873455103880246e+00
1.131412628424450872e+01
-1.621794995671579187e+01
-9.090310487101056935e+00
-4.131703980064997950e-01
8.108991244903339890e+00
-1.647936450649151752e+01
-9.185673695069965561e+00
-1.416256932260478862e+01
2.549885445155400276e+00
4.115249222463518208e+00
9.148481268169490477e+00
-1.461576412320537699e+01
4.861929824654325216e-01
-1.358512652690986400e+01
-5.385473393389677454e+00
4.227331684891634467e+00
4.978162508499409000e+00
-1.765492943572417062e+01
3.542983149076349036e+00
7.296202125627210933e+00
-2.467286014345303258e+01
-1.099890659987352137e+01
-1.597915880610829120e+01
-1.483824672714994719e+01
-7.372768399418887952e+00
-1.595691953011630204e+01
1.721721120520143700e+00
1.091389922109211241e+01
-2.449062219446780375e-01
9.541004653019619752e+00
-1.256422293501795906e+00
-1.112044648181486650e+01
-9.954010752843750254e+00
7.286958629432611190e+00
-5.488962867350682728e+00
-1.690927311498097296e+01
-5.987056105621597624e-01
-8.699983102193044715e+00
-1.261398632923112473e+01
-2.136856432026014829e+00
-1.279394962299114624e+01
3.943196624267901740e+00
7.732146630119082431e+00
-2.118895251753241027e+01
-4.186941525694699351e+00
-1.325702201391540314e+01
4.047787209376817685e+00
-8.029259716234960820e+00
-1.518692169454256202e+01
-2.552332683611283670e+01
-1.953985602432093316e+01
-2.744648000190586146e+01
5.746109532873298065e+00
-5.067664826469801653e+00
6.697315031521831941e+00
4.524597513250203207e+00
-1.181174371744407026e+01
-7.844200016710455969e+00
-1.396648836017337914e+01
1.160251342983677603e+00
5.225523353159751139e+00
1.142490713934138569e+01
-6.591853210786631223e+00
-1.779954070414390799e+00
4.586634593563967854e+00
1.105211013468762715e+01
-1.420275404452859647e+01
-2.905023575549062542e+01
3.734147632653080251e+00
2.534938756174511809e+00
-4.339945365703734126e+00
-8.488603401770774326e+00
-1.980675633720588280e+01
-8.339879912675939977e+00
7.179643003113195476e+00
5.285657846746616428e-01
8.767584821980872078e+00
5.332852742975454419e+00
5.688831977250764282e+00
3.925171651762692449e+00
-6.855689150312503699e+00
9.118334808466865837e+00
7.278647604459102638e+00
-8.171353934332692859e+00
-5.944117724864682373e+00
-5.072571174162561647e+00
-1.580628857351103633e+01
6.564030955496711783e+00
-1.093796973023084362e+01
-2.372289740574120387e+01
-8.724495057209299631e+00
-5.301727361248669723e+00
7.632607118233394772e+00
6.751833792028055115e+00
-1.288417432440362731e+01
5.944479803954003216e+00
7.067855299572421757e+00
-1.208682050423295351e+00
4.318015215366628468e-01
-5.471945389309652796e+00
-1.883157541964618176e+01
-1.177029825598033597e+00
-7.834579811163713714e+00
6.134481919128326410e+00
3.789711813912632010e+00
-6.123488668992123962e+00
5.608919423956848505e-02
5.456202522269222754e+00
7.512568708418022823e+00
-9.756521476041150720e+00
-1.990476594133543742e+01
-1.297242112311679563e+01
-4.391546308947365418e+00
-1.499440884073574409e+01
4.248402852966442822e+00
-4.701730744604901702e+00
-1.012781095995676495e+01
-1.739584002017139142e+01
4.726467715146132065e+00
5.055037917476809639e+00
8.847606914967553138e+00
-1.856226311752478253e+01
1.130348429590121384e+00
2.689038188456311929e+00
-2.128900179018956962e+01
-3.185248564395628534e+00
-4.135543089675145723e+00
-8.043408659578609843e+00
-1.052459625475796656e+01
-1.184760402056791406e+01
-1.362415210131737453e+01
-1.336004896455790458e+01
-2.044331448756434355e+00
8.163918206380227360e+00
-2.299911012625450724e-01
-2.815742519820130241e+00
-4.081851806208295130e+00
-1.289849483890071369e+01
-6.938237639255032008e+00
-2.134549848035801034e+01
-1.260105420620500993e+01
-1.468707966667587783e+01
-1.559013932171903960e+01
4.693099210149796363e+00
-1.564246885404905996e+01
5.436872983624340350e+00
9.518180863353872923e+00
-2.171987577536043545e+00
-1.227999415881163259e+01
-4.759405535082013472e+00
-1.396668074773607060e+01
-3.307133014716505670e+00
9.634983336286367717e+00
-1.353727234420733794e+01
-5.231411961150271850e+00
-6.580154905710688951e+00
1.486634786384257723e-01
-9.886953653049886270e+00
-9.001260670655319984e+00
2.163204626554424692e-01
-8.462181605235112869e+00
-6.576500446584681470e+00
4.511816175888228031e-02
7.977479131427170245e+00
-9.022719679290105432e-01
-2.765259418271480030e+00
5.705131390394246438e+00
-1.008198151684720045e+01
-1.327793371404323253e+01
-2.351452399969339524e+00
-1.755025768878500969e+01
-4.849451024751527228e+00
-2.051554256668989495e+01
-1.663717099478156669e+01
-2.850048923570636106e+01
6.961460020945850147e+00
-1.613349283557913694e+01
-1.192447833719398176e+01
1.720121016210494957e+00
8.480155356178897819e+00
4.028522238638657882e+00
-1.193701939045343252e+01
7.790255809152945687e+00
-1.666863972593569798e+01
-2.407956773491122959e+01
9.916638160750412823e+00
-5.154332620359209471e+00
1.188251376848160845e+00
-1.136973328714447362e+01
-3.213671380148049650e+00
-1.467950585819076537e+01
-1.476367979335263669e+01
-5.705838649266116391e+00
-5.769786340676212433e+00
5.536110835294383747e+00
-1.178434345115316262e+01
-1.415832315830841281e+01
5.091127245832961279e+00
2.307955602656512895e+00
-1.046399509173091147e+01
-1.682914495277659839e+01
-2.265271671405323062e+01
7.241665300170229358e+00
2.606089628672094705e+00
-2.708478174129042060e+01
-1.839044383916378678e+01
5.028345894607760158e+00
7.224281858492076935e+00
-5.400990764230275687e+00
-1.842256356147166230e+01
-1.796598049058030355e+01
-1.874688911579795558e+00
-3.434949094341394726e+00
-1.214328772181261584e+01
-5.425687349942730719e+00
-2.324430026921014303e+00
-1.926213220903690626e+00
-1.828452271891380576e+01
-8.508857231414342692e+00
4.004652267749641226e+00
-1.488047508399203167e+01
-1.069921176134008434e+01
-2.053300690442913989e+01
4.240828766227792812e+00
-1.251840491429909719e-01
-1.642005173346211677e+01
-1.360438380691344307e+01
2.062169640615884703e+00
5.239629970158937056e+00
6.876922718827042758e+00
-2.513338108329487142e+01
5.074165898128022434e+00
-1.058132004317275232e+01
-9.480725365071432265e+00
-1.219667829135239856e+01
-1.555021501159876607e+01
-1.004857009355485431e+01
-6.060165381563773934e+00
-1.916398814621871338e-01
9.367129806060837893e+00
-1.719361003189611026e+01
-8.866797248925877284e-01
-6.640091452194361921e+00
-1.562461185985176471e+01
4.620498466218990075e+00
-7.764815238766651362e+00
-1.383099296223836205e+01
-2.968065600254764291e+00
-9.468777224082291610e+00
-1.787004641171181873e+01
-1.298081818979798641e+01
1.682781108118319935e+00
-1.255704785410596713e+00
9.840631328254307419e+00
-1.321296217510717241e+00
7.943942982535162400e+00
-1.703923527081160927e+01
-1.347915667229894510e+01
-6.596709472135618313e+00
6.004214791836144371e+00
-3.578419890657368541e+00
4.099290485456549504e+00
-5.385638500232797554e+00
-5.781568790601259167e+00
9.139009913534895446e+00
-1.973670923628674245e-01
-3.227432090182695390e+00
-1.020188044030417984e+01
7.259700028347353395e+00
3.519275098810332736e+00
-2.365495504273940952e+01
-1.557679103711435786e+01
5.573268640052781109e+00
-5.062291449320092340e+00
-1.270553760373161012e+01
4.792586208773048639e+00
5.134709226615822075e+00
3.859232328857562067e+00
-1.635402403741165500e+01
-6.902247761412560578e+00
-6.787498499736457802e+00
5.254117980003982780e+00
4.560142773068811550e+00
7.363531771382895386e+00
-1.219611902745684873e+01
-1.248236644734127765e+01
-9.440545929077053700e+00
1.145457973963932830e+01
-1.049620406527301952e+01
6.001831899196197639e+00
-3.079646892488256071e+00
-1.148906897652368642e+01
-3.774610102874603967e+00
-1.089814053437793717e+01
-2.324088973783275236e+01
-5.651141141065174622e-01
-1.004123161866666436e+01
-2.297496992348705191e+01
-4.109882172953213342e+00
-5.271466677074020168e+00
-9.181696103999037462e+00
-1.522210540457344408e+01
-4.026697555855847099e-01
5.568494466785210761e+00
-5.036447787202845916e+00
7.640255603170778897e+00
-1.286840409440246447e+01
-1.453906362808003649e+01
-1.432796205195079153e+01
5.694221503912423543e+00
-9.775471898252014569e+00
-1.759257761374980333e+01
-4.623638082031387597e+00
2.548684081027669635e+00
4.139211350759069319e+00
-1.146623110015698899e+01
-1.375864928579770918e+01
-7.035997548584305150e-03
-1.772206239633699809e+01
-5.279116368519275682e+00
-1.213946036966720854e+01
-2.090315520740504951e+01
6.130459414429971332e+00
3.188701272812831888e+00
5.353254151431027452e+00
8.171037588224784542e+00
-1.901623206433380631e+01
-1.392604250355020667e-01
-7.480742197554555162e-01
6.122273527016194095e+00
7.190594282308627072e+00
-6.949669756006954913e+00
-1.849926525170714697e+01
1.260165675433943733e+01
1.786627123416245411e+00
-2.247684879009777248e+01
5.778450294971985812e+00
6.469881892377255639e+00
3.871385213900587985e+00
-7.759655823564195032e+00
-6.257896174652824328e+00
-2.143403572916798083e+01
1.176962743380893528e+01
-4.805170720052597488e+00
-5.310028417940038992e+00
-1.057646025700971748e+01
-1.882628080926483349e+01
-1.033911577247724978e+00
-1.166459110536637667e+01
5.085828542246275674e-01
-1.042267713802066709e+01
-3.165049711219502626e+00
-1.523997422399271073e+01
-9.727185872506460385e+00
6.088756550663784850e+00
-6.557895339213231978e+00
-1.542559276929435796e+01
1.232278246160166901e+00
1.404160413550332720e+00
-1.627233384395814397e+01
6.861749458783791056e+00
-1.726436430209496464e+01
7.372956474021417961e+00
-7.080230037495915951e+00
9.469313521592397365e-01
-2.813880165133348044e+00
-7.255808234602774576e+00
3.640945630817110867e+00
7.322980431550110580e+00
4.765093720010415979e+00
-1.550954202260626147e+01
-1.569130815327392270e+01
-2.070277364358196692e+01
2.998394168591119069e+00
6.393021512320352429e+00
-2.206906572062663940e+00
3.594128048598847158e+00
-1.064206660563735340e+01
-1.214740614205919300e+01
-8.966549774103256709e+00
-8.742087146656878360e+00
-1.301473811511583989e+01
-5.696988266037024573e+00
-1.475930222436057448e+01
-8.603591775462604119e+00
-2.121731521775057772e+01
4.798499847372262650e+00
5.458571783118625120e+00
-1.052310501383138330e+01
-7.160815545879515298e-01
7.818243022281883725e+00
8.480474522634864343e+00
-1.323535634972115460e+01
-1.028851499992581964e+01
7.132658285935228548e+00
2.056901613976922505e+00
-1.417186619432091987e+01
-5.485570936464363001e+00
-1.063543238207226338e+01
-1.806987716672911048e+01
1.851970720101892454e+00
6.839605709617117668e+00
7.718930914501658691e+00
-6.294310064261196658e+00
-8.058028718247349786e-01
3.781352906757618371e+00
-4.109824732591693675e+00
-6.643232149476112625e+00
5.835193087411667534e-01
4.459583189469832121e+00
-1.293954606111828909e+01
3.836027825471862940e+00
-1.446154636705930940e+01
2.385861634999599801e-01
2.591593052842490863e+00
2.249877642686470836e-02
-1.409099993698852415e+01
-1.514200431108213252e+01
1.074303257334419825e+01
-8.925167069499043038e+00
-1.142099290254386190e+01
-2.181209852401096327e+00
1.584046628768319920e+00
1.636079242381828891e+00
-1.893079070319011592e+01
-2.385472888767179001e+00
-5.789579873759862494e-01
1.788558655371787154e+00
-1.670435012815324427e+01
3.911686542006894030e+00
8.170011179709636195e+00
-1.682775570202601401e+01
-1.682086948813939387e+00
-1.579312535620356783e+01
-1.848691889851103554e+01
-4.685904781559408150e+00
-1.953440504187682336e+00
5.692887349657354434e+00
-7.748267713533053325e+00
-1.612520055903408078e+01
-5.657712432573951844e+00
-1.380295439028313709e+01
-7.393908887033877164e+00
-1.859785739382834890e+01
-3.309588470940699523e+00
-2.386347523102656965e+00
8.055132302162419933e+00
-5.708538082342911935e+00
-1.895402221591538705e+00
1.477863155098365411e+00
6.021689442118635327e+00
-1.564675414500420914e+01
-8.354401526971599878e+00
-2.005661063340569328e+01
-4.334647844992584709e+00
-5.225562095410364094e+00
1.436078582395776593e+01
-8.734376870518492098e+00
-5.948307626804293591e+00
-7.022642903366076439e-01
-1.286533930219997757e+01
-2.488524937677578208e+00
6.928940233154214923e-01
-8.220841213153065041e-01
-1.194412095087059100e+01
5.667563729722314037e+00
-5.792155259928779998e+00
-4.904193920678196150e+00
-1.161283045608615083e+01
5.233974402178915852e+00
-1.112050073111398518e+01
7.194665344846306709e+00
-8.160254286306937388e+00
-9.104583691529061440e+00
8.235290985323523216e+00
-1.280889957454254002e+01
4.895836277543519799e+00
-2.089529755605632033e+01
-1.577978892468778582e+01
-6.278120947755510883e+00
-7.039023618935324578e+00
2.382728865555471032e+00
1.267951508213547740e+01
2.046102888264002218e+00
-2.970136346926590676e+00
-1.604685655944205536e+00
-2.421258504991933336e+01
1.925337623392856301e+00
-1.883410749748974666e+01
3.817054872919388941e+00
-2.883965909756611268e+00
7.089980726273473977e+00
-1.865919897430699592e+01
-1.050733942766096263e+01
-5.546968466131954045e+00
-8.448459053592156209e+00
6.308684429861894927e+00
7.915845072164469087e+00
-2.004223971662604953e+01
-4.151564536656429993e+00
-1.748312040633926046e+01
-1.134981557061756874e+01
-8.049713417331858523e+00
-2.208311904319916863e+01
-1.513437493199129946e+01
-7.753490054655522101e+00
8.069612358895113857e+00
8.486408740465627432e-01
-2.247159272886145942e+01
-7.499161979392169997e+00
-1.579734338160332996e+01
3.932573782558574038e+00
-8.991516386494872393e+00
-1.933339924225316153e+01
-6.024605741593408226e+00
-1.669918539864462304e+01
-1.131587385154045222e+01
3.629918936929300344e+00
-1.560525997837143564e+01
-7.954078933012247887e+00
-1.679432924764166657e+01
2.189215980356806313e+00
-4.433366156907929678e+00
-3.116948077851034782e+01
6.177063276752434717e-01
-9.750855700003949522e+00
9.636231090740768224e+00
-3.476489527767796517e-01
-4.161444622543754690e+00
6.371197295268952843e+00
1.002671381645685855e+01
-1.616312591511279351e+01
1.105042089865379751e+01
-6.069431095405111165e+00
-7.139648835632222301e+00
-3.345851207050642984e+00
7.024332817773164095e+00
8.127488349058907602e+00
-8.963433245786553982e+00
4.970723401370314321e+00
-1.642848426097636150e+00
5.848096803653280773e+00
-2.437807942471817313e+00
-1.320939778747003857e+00
6.472804539595937712e+00
-5.597314185634736816e+00
-2.034526730047150167e+01
-8.120172056951574291e+00
-1.680288047027009313e+01
8.941782119350275337e+00
-1.354210459783926979e+01
-6.347397273383617033e+00
-6.869652349037512096e+00
4.540462800197140325e+00
-5.569477197738294194e+00
-1.189149169176677034e+01
-1.670348776153032588e+01
-1.008541731785826912e+01
-1.614796378680999211e+01
-5.449384030957709513e+00
4.557844542547364597e+00
6.708827373570365182e-01
-1.432734318846479482e+01
-7.516012412943378962e+00
-4.485401653933205779e+00
3.657277180182646248e+00
5.043826479632592452e+00
-1.599452427676375521e+01
-1.767574186006694603e+01
-2.775488226832504068e+00
-6.545277976179587398e+00
-6.701202260211601924e+00
-1.193765806204442725e+01
-1.218489882786751721e+01
-1.757585012154596882e+01
-5.088244140775451285e+00
-2.433751662945626393e+01
7.867908385029544149e+00
-4.646303298662964210e+00
-6.894397943198551815e+00
-1.327703061261231454e+01
2.437493169427288109e+00
-5.648994151969024102e+00
-1.873971515471101768e+01
-4.370488769056173339e+00
6.272017476140284487e+00
-6.637659793179789602e+00
-1.249430302122284786e+00
-4.578217064677399861e+00
8.352333280586190511e+00
1.046652252685793627e+01
4.129796879126701015e+00
-3.875648099106715705e+00
-1.246677516071160596e+01
-8.764326700542873994e+00
1.021311488999851491e+01
-1.790643690213755690e-01
-2.163407556493344330e+01
6.228886735678702991e+00
-1.935780664926233285e+01
-6.695864960723838522e+00
-7.020962270913276626e+00
9.023710346554750572e+00
4.611346521950885347e+00
-3.688471647958188271e+00
-1.476487983954451977e+01
-9.294992561621302940e+00
-2.420845563080817442e+00
5.986881239793174103e+00
-5.524686082602862314e+00
4.727881263310607096e+00
-1.287105012706775398e+01
-8.922103097278412775e+00
-1.315425449035107519e+01
-1.377695306722034729e+01
5.981608736794388648e+00
-2.543828903573151834e+01
-1.179975872247992186e+01
-1.930144739884417504e+01
-4.998173699543944082e+00
-2.082769039251821752e+01
-5.595402319475564212e+00
-3.798175609495672234e+00
-2.898317176190165156e+00
6.612693483800093475e+00
1.252873991704550605e+00
-1.723561161006313114e+01
-3.286487155197882259e+00
4.278953065787462151e+00
-5.363847177728889193e+00
-1.013558585362570597e+01
-1.419231651855861287e+01
2.763547107427186234e+00
2.706596041416183596e+00
5.792577035744642444e+00
-1.882461056730565474e+01
-1.149098564585106530e+01
-9.114645208940903132e+00
-8.165154784018284317e+00
-1.515894980619510690e+01
1.375853540672576258e+00
-7.427441528479931776e+00
-1.563984937831677513e+01
7.026844984772147029e-01
-9.299555058474101799e+00
8.235190400572978575e+00
-7.887028316247018722e+00
-3.683524874956937367e+00
8.170657233933276586e+00
1.723827675830680306e+00
4.699840115876618540e+00
-6.703634201055731268e+00
-8.565159445644308533e+00
-1.211460416128502970e+01
-1.323780271668206865e+01
-2.056754111071076352e+01
5.271953262721993383e+00
-7.218067807771291200e+00
1.714967385568222369e-01
-1.866415684012538634e+01
7.185468126961140456e+00
-1.366531059319327568e+01
-6.682784952813381807e+00
5.789838063837486004e+00
-1.298798865769020949e+01
4.001951438931982352e+00
-1.479202323153555199e+01
-8.236739435816744503e-01
-1.322675516825299979e+01
-8.615411102879757976e+00
-1.563338039096976928e+01
-1.051392182456773128e+01
4.133917289365559355e+00
-1.018386842465839948e+01
-2.296079263691396477e+00
-1.850185116890038017e+01
-1.113313104464705106e+01
-1.570805450553650928e+01
1.240994463651006186e+00
-1.062009385164989794e+01
6.847922020568091739e+00
-3.561010778026655998e+00
-1.789199749490922287e+01
-6.775677316317796794e+00
-1.200393688953961657e+01
-7.830016132600970735e+00
-6.847203281705347422e+00
-9.560618905212699303e+00
-1.831987093481507145e+01
-1.093793073788475922e+01
1.261593333192382715e+01
3.469254848049175166e+00
-1.260195932663850016e+01
4.909524252906912523e+00
-6.626429016139287143e+00
-3.333545684769379847e+00
4.955609440633971019e+00
2.397635745752378256e+00
8.704626134333892651e-01
-1.429186070295311239e+01
2.895275211703335572e+00
-7.652838126959640164e+00
-7.673720967612496224e+00
-1.209138468514208142e+01
8.471906413802365421e+00
5.352897348368188091e+00
3.736490819339675085e+00
-3.517678724125197220e+00
-1.069593787329814560e+01
-1.035694147446679736e+01
-2.220770976848173106e+01
-1.022506505460803439e+01
-1.052812637232774051e+01
-1.451093982582769826e+01
5.280352566685682092e+00
-2.034478398170147528e+01
1.828138824959896880e+00
4.838773034304523435e+00
4.248958067544425177e+00
2.616096822643172004e+00
5.580746790515600964e+00
5.443462666038506370e+00
-9.338972917267788887e+00
-6.630567354828173166e+00
1.058218525909006047e+01
1.009714322807440112e-01
-4.503657790933591087e+00
6.119141156310423213e+00
-1.499034634881082795e+01
-7.686260115297731232e+00
-3.407210724619591957e+00
-9.600868842988525387e+00
5.365341571664426823e+00
-4.083998335659714485e+00
-7.285209554701918222e+00
-1.158618421710767876e+01
6.658812911761309294e+00
-1.019518190593260698e+01
-6.025673066382729814e+00
6.459105304096095068e+00
-1.303287839198431541e+01
9.284111732276656426e-02
9.452919565310484273e+00
-2.985386045503570784e+00
2.426908563214453807e+00
