4.121300306774581479e+00
2.547036522649622547e+00
6.739883032047385925e+00
1.546429068635229775e+00
-3.931183816643199602e+00
2.607894329503905428e+00
3.340940653601980337e+00
-7.196632936009509152e+00
-5.481494520680313620e+00
-2.141110165899819950e+00
-1.393287503528364368e+01
-1.606823970492551990e+00
-9.621323755639906494e+00
-1.493393625296291027e+01
1.220908681834195697e+01
-6.972015575918525165e+00
-5.248649587568003483e+00
-7.721217225834992703e+00
-5.482980787509438514e+00
-6.184261167200450160e+00
-7.552640401530855918e+00
-1.286830031356602788e+01
6.436227655707017270e+00
-1.379208114787735617e+01
-1.445571956710865180e+01
1.170545863693194910e+01
-5.608390598415849304e+00
6.053829629660588685e-01
2.651853768591416749e+00
-5.344863302434274210e+00
-2.311157965601800868e+00
-8.126953388683608281e+00
-2.643045963497447914e+00
-6.112044036553568205e+00
-9.379941266866204330e+00
-1.007722738558891962e+01
-1.431167946850339767e+01
3.951767549726475259e+00
2.074241879314316250e+00
-7.338895633268295526e+00
-1.507660536884372071e+01
-5.735332614129578843e+00
3.288073278813239408e+00
-8.075831414064616354e+00
-1.133630303311441878e+01
8.766274716349271579e-01
1.319616812623858770e+01
-7.261768937318648476e+00
-3.039183516135361529e+00
-9.949844523232693305e+00
9.149390740138105826e+00
-6.479139579473600641e+00
-1.048434464570292057e+01
-1.219453399781403213e+01
4.228711756827268964e+00
-6.359353770156416452e+00
-8.030516908670616516e+00
1.247352081740710616e+01
-4.903165512386887137e+00
3.386225359786121825e+00
-7.966015138874258383e+00
-8.845194438137930604e+00
-9.188199260468394414e+00
6.706649358694069640e+00
2.536234808072078906e+00
-2.491424318432697571e-01
3.605087748824838290e+00
-1.024961028391315843e+01
-1.467878672811613683e+01
-6.840956930745054621e+00
-1.120625188508394920e+01
-1.200667059941852699e+01
-4.024753308566832111e+00
7.077188112219684690e+00
-1.676853618552443859e+00
-6.913311584372900498e+00
-5.809883176321816833e+00
3.820913782900675848e+00
-7.770927710141061873e+00
3.987166105228772128e+00
-7.724690820261202795e+00
-4.623573838745631548e+00
-2.347343145865834035e+00
-1.177263393081430820e+01
-7.743141660172948804e+00
6.113139435902287033e+00
-2.820058968878110583e+00
5.906771793912469981e+00
6.647099496861896828e-01
-1.038385695714367962e+01
-3.860720900037503345e+00
-6.514882074889934316e+00
-1.067370815509564252e+01
3.243992594241461358e+00
-1.225763220005909382e+01
-1.797997722369397922e+00
-4.838406371873790413e+00
4.111835467039250958e+00
5.229550079614029734e+00
-6.600605818801906111e+00
-6.157252329163991789e+00
-8.505487109487932074e+00
-8.767266651864982663e+00
5.410478487366466638e+00
2.444141954987153920e+00
-6.108830383945418774e+00
-4.135954037812887840e+00
-5.623476105084675325e+00
5.462275570643893907e+00
9.920011822794024825e-01
5.316051736236452108e+00
1.367476635378949590e+00
-1.662009974098227261e+01
-8.657572649394921882e+00
3.528760964931023647e-01
-7.161678957805945878e+00
-8.802410832359040427e+00
-2.628687581985525057e+01
7.373418521894221200e+00
5.382974227123797029e+00
-2.121173676738672143e+01
3.249551265587741877e+00
-6.377861709122658596e+00
3.699438304131421607e+00
1.387638452340313355e+00
-4.313195990131415414e+00
-1.166428429910547671e+01
-5.898974562613200412e+00
-2.675912308874024426e+00
-5.946065814659944770e+00
1.234940374503217164e+01
5.364349823596940681e+00
-5.284003284455597971e+00
2.633392773684219090e+00
8.986791678155283236e+00
5.109523587311970871e+00
-9.243648288098690102e+00
-7.248670107138727836e+00
3.634246962148182547e+00
-1.157213377923203623e+01
-5.961575375880840078e+00
-1.553940539339175153e+01
-7.369336457605533575e+00
3.409462249159025404e-01
-1.212481125170654472e+01
7.567382417077827661e+00
-4.143879742238924635e+00
-4.543633837190524716e+00
1.304008477650214104e+00
-7.446781051010263219e+00
3.156818098880660894e+00
-7.885025067722708059e+00
3.116051950627455991e+00
-1.322165856121246597e+00
-1.129933809435810943e+01
-4.788682444590711462e+00
1.856336375101513614e+00
-1.085596770131961897e+01
-4.567086548721037254e+00
-7.596111910609927520e+00
-1.127352584736066987e+01
-1.162258482843935248e+01
-7.255238068342676705e+00
-7.252337422355493501e+00
1.156918095304227512e+00
-6.959016666653795369e+00
3.633899435955290080e+00
5.764291200614790611e+00
4.075010315244010251e+00
-1.164509012555242329e+01
-5.475799823618402229e+00
3.577078826507214426e+00
-8.884969960585085147e+00
4.593977966225878617e+00
-3.739408977766670361e+00
8.795907996846262511e-02
4.732872740676033807e+00
4.911582948201295151e-01
-1.302651621270571880e-01
-3.740963180181155590e+00
-9.033299429005268166e+00
-4.316030493930711920e+00
-9.777585877779650048e+00
-1.125448020761047774e+00
-7.384967025458272438e+00
1.685958768270346075e+00
6.331459038555469654e+00
9.152351050880977446e-02
6.282944343772860485e+00
5.669717475984435318e+00
-6.335122000200762216e+00
-4.077439707429478588e+00
-2.164013927335314946e+00
-7.779344622886136484e+00
-8.006556927843605509e-01
-4.029454151261694372e-01
8.510979156400045875e-01
6.494909211000478244e+00
1.028286760712187764e+01
6.743395319966809076e+00
6.214960937008095598e+00
-8.949716603872811760e+00
-1.214963984749265702e+00
-7.464499834456097105e+00
-8.424365985161015757e+00
-7.281332446421395765e+00
-6.205604705353453099e+00
-3.224144175863508099e+00
-4.661637179297848377e+00
7.433043121771617301e+00
-9.391333399872539900e+00
7.599959676554537857e+00
-1.176208621283144851e+01
3.749268305122985812e+00
7.602446127349504756e+00
6.349212218022953991e+00
-5.218987621080629857e+00
4.337305047607531883e+00
-4.604803085968470988e+00
6.176872138603872742e+00
-6.552706159979504896e+00
-2.187871578087407620e+00
4.399957991815473868e+00
-5.003497531696225131e+00
4.923633156649391829e+00
-4.745169814594878410e+00
-8.345333802125779243e+00
-7.495394335563563715e+00
-2.512358596032404634e+00
-1.063843792209189409e+01
6.749669958884497056e+00
-2.670617210768279737e+00
-9.567491118546161744e+00
-3.614885624735829417e+00
-1.087563351780374887e+01
1.100409200801751375e+01
4.714323110123479488e+00
-2.783707619798369226e+00
-1.230668382533473881e+00
3.618837778844373521e+00
-8.393311087917163960e+00
-7.008763181463791625e+00
-1.027097413690901462e+01
-6.701092967222958663e+00
-4.335034797506737370e+00
-1.736616197216365975e+01
-1.188040098296575842e+01
1.123662984368456463e+00
-2.221118118600977098e+01
7.020741841374424475e+00
9.606632717436657032e+00
3.884057554375569765e+00
-6.665926045036948189e+00
-5.360391687584054488e+00
-1.085331429577469997e+01
5.135446006175722111e+00
5.879412304809308765e+00
-1.074747865927360380e+01
5.020066320819315031e+00
-1.269949664718046023e+01
6.501010892798523066e+00
1.007222112847535556e+01
6.109009909060484134e+00
-7.457908545010198509e+00
-8.547429559480924866e+00
4.785150949555711186e+00
-1.285476571011469460e+01
4.293543585206662239e-01
-8.387657978846792872e+00
-1.362168083222602455e+01
7.648222999185425586e+00
-1.946677056674734008e+00
-5.513088641726135108e+00
8.476182348941529554e+00
-8.473316772694619914e+00
-6.177702247957536308e+00
3.111153064956782899e+00
-1.260703257119281950e+01
-1.352706218939217164e+00
-3.540059392808730276e+00
6.381077374955753667e-01
-9.222751615221190136e+00
1.230679891348713140e+00
2.662547377297559859e+00
-4.826965393980353625e+00
-7.653763417240027067e+00
-5.166402394077051596e+00
-2.290473878854707124e+01
1.455172141864380597e+00
-2.314544854004176866e+00
4.220386854521894548e+00
-8.252711064186058820e+00
-6.612127458899842658e+00
9.764472381887054908e-01
-1.196386262577658144e+01
1.230610995125831941e+00
-4.504423790300221775e+00
-8.204156843467290017e+00
-6.119388634532513471e+00
-1.019088857658478631e+01
-5.767166378042067443e+00
-1.538558405795044770e+00
4.632141085187531537e+00
-4.835001960994159020e+00
1.175473476111730875e+01
-5.096357765276614771e+00
-4.440137922351146571e+00
-5.511584957036848031e+00
7.724524083530294405e+00
2.248339029103283426e+00
-1.159600800317155489e+01
-2.937823476641348464e+00
-1.171075135684895407e+01
1.062912291988023306e+01
-9.927181805018152616e-01
-7.438214659705757015e+00
-9.397347341807176235e+00
4.464712782189839579e+00
2.863685363378986715e+00
-1.262961979409759072e+00
9.639207412541697551e+00
-4.091637452035512545e+00
7.848056942976923134e-01
-3.235431966406573157e+00
3.049486651576284402e+00
-5.071853980384310567e+00
6.076129004949053503e+00
-5.808355897253987266e+00
-1.143427821521131271e+01
-1.012103237646159215e+01
-1.539942040109621324e+01
-5.434167245947255864e+00
-8.147665203269434997e+00
2.506555729891446038e+00
5.948003443544501723e-01
5.914530491732628015e+00
-2.122396916067216477e+00
-1.066887064672305563e+01
-8.700495022005195977e+00
-6.696930805347474980e+00
-8.790986964322147657e+00
-4.163457468210447487e-01
-1.312562240506921718e+01
-4.235873406190687085e+00
-7.212410047105024979e+00
-2.102476189971240306e+00
-1.028272393634104453e+01
-3.319924706137629133e+00
-5.086182236878071805e-01
5.385214482645275247e+00
-1.985008978920394407e+00
-5.974217179709690129e+00
-1.622344776067070882e+01
-8.745994124829621796e+00
-7.214100044732876249e+00
-1.663393337258472116e+01
-1.274452353184532427e+00
2.497436413635937047e+00
-6.375667077832404495e+00
-8.772298780444625521e+00
-9.985923794190072478e-01
-5.555135920980007747e+00
-5.290395999866026600e+00
-6.640979050939781025e+00
-2.246409172897482875e+00
-9.141927862969852825e+00
1.008575320806801567e+00
-4.098215465575295369e+00
-7.996865832592295220e+00
-1.010295997455890671e+01
2.377316984320856807e+00
-7.957258062997571990e+00
3.224339539752320238e+00
-7.307645400687961867e+00
-1.462929125040676936e+01
-1.155240597696487548e+01
4.697951448920395734e+00
-9.349768418313939122e+00
2.366498709435507219e+00
8.633991909640826634e+00
3.296956304677309824e+00
1.666563947070662133e+00
-5.122022038417375356e+00
-1.075029592096085906e+01
5.723637702756922074e+00
-5.117783232032672380e+00
-3.795582179142346302e+00
-4.223899443701278678e+00
-2.391793289072098982e+00
-7.398782489827494757e+00
8.003412809391475591e+00
-3.926081555580752447e+00
-9.165995131184825340e+00
4.898181331049800136e+00
-9.208722711502517200e+00
-4.906526023863198027e+00
-1.306273432095347609e+01
4.051146197656023240e+00
1.856714646388803125e+00
-2.425147562642887555e-02
-1.082121261448583738e+01
-1.620425968712425657e+01
3.039244628260509895e+00
-6.514684796375432185e+00
-5.473836414275216278e+00
5.001854012545485340e+00
-6.545285397695888463e+00
1.777075423778610164e+00
-2.192815183401361778e-01
9.185581600232950450e+00
8.296323919611170439e+00
-1.222017509598515517e+01
5.525838531266162867e+00
4.142108584487369072e+00
-5.329768867388431808e+00
4.292962502943540315e+00
1.123216121009209090e+00
-8.878365937342952208e+00
5.106411432493151104e+00
4.968282676222514738e+00
-5.301326225048684115e+00
5.661091095345721413e+00
-3.810677134513194453e+00
2.825725769051244729e+00
-7.543387774197488405e+00
2.813228484312527922e+00
-9.040498469152346672e+00
3.552889515018901045e-01
-3.504630879611144056e+00
-1.474737206772409603e+00
1.010165895579363671e+01
-7.997459227773981993e+00
2.982348352429248006e+00
-9.833375235440270146e+00
5.093275804091461190e+00
-5.388994684732382190e+00
-3.819554848505430034e+00
-4.764446179673005766e+00
-1.232859753067121389e+01
-3.390233694632910577e+00
-4.644076884227904323e+00
-3.717661764581432049e+00
4.833327431965148691e+00
-4.343955324555524911e+00
-1.299239721792896773e+01
-1.833572101851675518e+00
7.003109172383015668e+00
-1.837745483380320621e+01
-1.336312451140734581e+01
-1.132922843533304302e+00
8.003921613634018328e+00
-5.818496110294621992e+00
-2.130618794977931607e+00
-6.481273419240660694e+00
7.011740986099247452e-01
-3.077222494347927828e+00
1.258559527133452205e+00
-7.170936897512765640e+00
-1.465792478576421942e+01
-8.846908115035585496e+00
-9.148762213431856694e+00
-1.207793664402092482e+01
-2.516987257307715442e+00
-7.346528961721507045e+00
2.135258827674730409e+00
3.084008741931884234e+00
3.415972143728336796e+00
-6.842320253987637990e+00
6.357695724166513074e+00
5.163982127016977230e+00
-5.348624635778292280e+00
-6.487488758861869265e+00
-1.553510747784443646e+00
5.047250877212078102e+00
-8.839634306793863416e+00
-6.261651732401096737e+00
-1.126580403099051608e+01
-8.935323820937489003e+00
-2.489377271097256372e+00
-2.319166432248037868e+00
-5.950971370518875148e+00
-2.700238145507893872e+00
7.014340565880727851e+00
1.881616651676642771e-01
1.014851226169666454e+01
-6.818907128129302109e+00
-1.284616202673003471e+01
-5.692661501376983679e+00
-1.214840461493281509e+00
-8.435569838327639403e+00
-5.163710694433834902e+00
-7.328695577249884074e+00
-4.904915841591686920e+00
-8.536389054156952483e+00
-8.923737501641566539e+00
-6.110353412180051791e+00
-3.293956705011668262e+00
2.256819221337212245e+00
-6.093737781756439986e+00
4.175152798429686563e+00
-5.242802196399504844e+00
4.460029003464303976e+00
-5.906928948030299331e+00
-2.361039566674946855e+00
2.642292614123195715e+00
4.549943457533824009e+00
8.524127950507359941e+00
-7.284615370680174173e+00
-9.565706794119673617e+00
-2.293964756800693561e+00
-5.550165045650038209e+00
3.852723365811886236e+00
-1.008576974531372272e+01
1.312998155854168658e+01
4.041282731886476576e+00
-5.575497220163916801e+00
-3.831144969633208941e+00
-2.359086074679781764e-01
-1.027559169432860919e+01
5.563820524144343693e+00
-6.470084267445973758e+00
-7.146682393346686979e+00
-6.352534669033282455e+00
3.482351000128857343e+00
-1.340443104359752269e+01
-7.330947755258509169e+00
-6.855633806311145939e+00
-4.131944605858567598e+00
-8.336971593153689852e+00
-6.927047886227243545e+00
-8.029302299256697140e+00
2.873478714326791916e+00
8.776781222381162095e+00
-3.511216549953629862e+00
-9.658843360125192845e+00
-1.050863052069799863e+01
-4.411430813584293453e+00
7.632233316034279902e+00
-9.323738617836347942e+00
-6.247318917874845390e+00
-1.114338351220218648e+01
-3.304703025017634577e+00
-4.664153200507588970e+00
-1.102851352461830992e+01
-4.504010000518053225e+00
-6.008751981010367338e+00
9.047248635833746278e+00
-8.808839500400440059e+00
-5.768001918053094812e+00
1.623432003891814579e-01
-9.833379524820765383e+00
5.188435846725721667e+00
-1.249368320095342533e+01
-2.678167989793625914e+00
-3.422589781517286767e+00
-6.231517083063573992e+00
6.998232370978467287e+00
2.460538804298288529e+00
4.447547965738176678e+00
4.869597255041592021e+00
-7.066180071521277917e+00
6.627985386268454349e+00
-1.373489164676196062e+01
-5.617998733744357764e+00
-1.051848940582684300e+01
-7.957149248455833046e+00
-8.080813475576157145e+00
-4.004110598646311026e+00
-4.241419434080839324e+00
-2.854480951524202670e+00
1.255266467040148992e+00
-7.092660091347052109e+00
-1.940895174167973858e+00
2.540733914197236043e+00
5.180222504971129460e+00
-3.852476634184827109e+00
-1.307681994005489567e+00
-6.222602406057303526e+00
-2.403379839121408512e+00
-5.835169314431581711e+00
-2.477711537810510123e+00
1.059852880881214654e+00
-1.073463695787093286e+01
-1.104744887935404130e+01
-6.018573473045912614e+00
-2.556287016018259095e+01
2.449098604931178702e+00
-7.652529201264946401e+00
-3.999045887227475671e+00
3.814749766195873359e+00
-1.340400430364883455e+01
4.056901275210255342e+00
-3.285971896011173232e+00
-4.793150983745663396e+00
-8.643916076681390948e+00
-2.655230991343145164e-02
-1.534431219549564851e+01
-6.715676654420624558e+00
6.212648484186612308e+00
4.467047303908972644e+00
5.227988352143415618e+00
1.751556324044683643e+00
-6.797170009441991567e+00
-5.877201478790750055e-01
-7.813957300928711547e+00
-5.128319555288772591e+00
-7.720220807098367111e+00
-4.923403302718246444e+00
-5.810467396510530236e+00
-5.691399223639889371e+00
-7.374489718099722424e+00
-1.933569005757680204e+00
-1.728833048998689392e+00
9.092738104181788406e-02
-7.262761992438382386e+00
-5.898264909202149298e+00
-6.371807653491518231e+00
-1.958321393440353164e+00
-3.426289578941472125e-01
-1.033133178979373668e+01
5.006279847594638177e+00
-4.936862911256620023e+00
-8.359976910816406814e+00
6.914182324916245292e+00
-1.001952015592706502e+01
-4.678365652514523632e+00
-1.971914515008533186e+01
-7.045988398294507959e+00
-8.775671500431430516e+00
-6.657691584670807572e+00
-7.232643060759987641e+00
-6.587088006225886083e+00
-1.185586786052700603e+01
4.328276620714712308e+00
-8.498947314237534911e+00
-6.563687050473149043e+00
-1.159963383974773343e+01
-5.319135157418591220e+00
-1.081406670565837125e+01
4.655539693258192280e+00
-8.423325383836907321e+00
-1.166225602489348390e+01
3.419570643002427968e+00
-2.589764822797770094e+00
6.398636198467057667e+00
-4.110477521006517421e+00
2.508123315466117109e+00
5.264099360696024021e+00
-5.910143563430044544e+00
3.474669961514087912e+00
1.056765760338793214e+00
6.036328111287981635e+00
1.746658633893876766e+00
-3.275405544747893138e+00
-4.178437656372698150e+00
-6.043213539847458016e+00
-6.937503718772514816e+00
-8.856995137695616860e-01
2.976911519000327022e+00
-6.755764543633297592e+00
2.298174754292592326e+00
-1.310034603413267540e+01
1.073553850240166474e+00
-9.869638157490301822e+00
1.097206985609449514e+00
6.273002287180966086e+00
-1.303890779969622216e+01
5.008485343609605067e+00
-9.815196825017991955e+00
4.918175977248511188e+00
-5.328371841561849287e+00
6.557182975632732003e+00
5.661921653934805398e+00
-1.172839776457570160e+01
-9.191439030104433527e+00
1.158056289846670861e+00
9.911115460870174587e-01
-7.578473786892086395e+00
3.920737990130762629e+00
-1.095519770309635632e+01
3.661771480777301413e+00
-4.297852413552258888e+00
-4.358624634411955689e+00
-8.823822645139584253e+00
-7.778984972711061374e+00
-3.562204032638837670e-01
-4.322649330056645312e+00
8.435713217526872754e+00
-6.798423245188125463e+00
-7.048575586718474284e+00
4.911225467260401878e+00
-1.271049658214733924e+00
-1.018674631104911477e+01
-7.073699106900084743e+00
-6.633771505728782714e+00
-3.676920886381751963e+00
1.876703168275250855e+00
1.348668903089424109e+00
-6.513346069697958818e+00
-1.225407778441561391e+01
-1.200004941039665241e+01
6.945451104101921125e+00
-6.949784264237861109e+00
-1.296766823984948225e+01
2.378037800193765428e+00
-6.112711096412234646e+00
-1.287050964614441795e-01
-8.490278593762715431e+00
-1.142920044079270525e+01
-2.600944564008362381e+00
-9.965918955536229973e+00
-2.195912388224518619e+00
1.291643186953536748e+00
-1.037778459499107875e+01
-1.000560576209047881e+01
4.960864987617474853e+00
-1.003823904226021302e+00
1.243439688596063419e+01
-7.948130082987360900e+00
4.874632327345139515e+00
2.113964859440731647e+00
8.798283526511465169e+00
-5.679309802072896041e+00
-6.443829476706059545e+00
-1.090363097573905193e+01
-7.701480465330059921e+00
-3.500785505376597495e+00
-7.029698476007026464e+00
-1.443760304976956732e+01
4.799919146206146792e+00
-9.514601012783467482e+00
5.352621685369405746e+00
8.542899260896032132e+00
-1.247898927961440663e+01
-1.466968426368179124e+01
-6.491077385036408742e+00
-9.663621802694498442e+00
5.525186736802734089e+00
3.976835667969926824e+00
4.873778283613415141e+00
-4.929694043719777596e+00
-1.470875730287751537e+01
-9.787044043554040229e+00
-5.234328768636018481e+00
-5.319960655041366060e+00
4.722701082993810751e+00
-6.101030476530519664e+00
-3.235755676533387248e+00
-1.328228621898856687e+01
8.286945640893915055e+00
-3.245910474810273505e-01
1.000243715618610274e+01
-6.816547970966317038e+00
6.786578311712291978e+00
-4.877500187300941370e+00
-3.817061370461170888e+00
-3.600772045866894810e+00
-1.075432615523820878e+01
-1.314706983109342087e+00
3.748740045624940009e+00
-4.987875856836373245e+00
3.717865001147252269e+00
-3.212669756235730478e+00
3.228466022004927716e-01
1.830822724726604234e+00
1.463367119525560200e+00
-5.514922726928708663e+00
3.322345720127624080e-01
-8.857993647581507091e+00
7.140193463192501255e+00
-3.866200912573657611e+00
7.223004497794777157e-01
-3.044854015040803219e+00
-4.032724428874133515e+00
-2.033588651671428327e+00
1.026671403322874276e+01
5.394387059411243968e+00
5.212591319892736053e+00
-1.143003820708114660e+01
4.516187074640397370e+00
3.317514735000397064e+00
-1.009355102399255966e+00
-7.141268861105815047e-01
2.343070189998088804e-01
-2.647607256532354736e+00
5.129525243947523627e-01
-1.202402011720467634e+01
-6.699948015440416071e+00
-1.367671456938288088e+01
-2.151899973449676295e+01
-6.595361616963712592e+00
-7.188806077067598999e+00
-6.128904948835742772e+00
-5.443322155819688923e+00
-4.737264176241710700e+00
1.013127128191795556e+01
-4.292166698254145984e+00
3.489668565740712491e+00
-4.182617436714048509e+00
-7.548920068551542073e+00
-4.188305238668539765e+00
-2.202252391811412124e+01
5.073699562005796970e+00
8.312038806439240091e+00
4.118282935445977344e+00
-1.771829546144170564e+01
3.128063910816665683e+00
-7.706647356561154183e+00
-8.059951178436389085e+00
3.939956532521262211e+00
-2.721458460837383075e+00
8.816365362330829569e+00
-3.162851102900940514e+00
-3.128259143140204035e+00
3.245245754609506594e+00
-1.275324144598544152e+01
6.022284178719431225e+00
-1.109776907146519420e+01
-3.901856438995135790e+00
-8.951221215181572433e+00
-1.364213688339094688e+01
1.010180421343591561e+01
-3.701677149485271823e+00
3.989137267589117464e+00
-5.457920132150608339e+00
3.935511350873869940e+00
8.890454828481660243e+00
5.907710847125666298e+00
-5.495969202430540435e+00
-1.999947175234076280e+00
-8.639769058373046207e+00
1.270283527128460044e+01
-7.887189264994058036e+00
-3.953988445826222442e+00
-5.155078695758002816e+00
6.347272088865752337e+00
-1.042842527075241499e+01
-3.782346417983188491e+00
-5.489044963042696068e+00
-1.706687398271566680e+00
9.078090566922651927e-01
-4.368145306830188979e+00
2.777956003278188035e+00
-1.159522828087346547e+01
-4.322764791609539081e+00
4.292906590280969326e+00
-1.470090284599933916e+01
-9.309305625355953850e+00
-4.092470402183392864e+00
-1.812744188133125878e+00
5.467172630186372534e-02
4.605003428694827150e+00
-6.405152838380269165e-01
-1.126186469613693220e+01
-8.893308343291481677e+00
-8.037077975104834238e+00
-3.744010023126365105e+00
2.097340693413022095e+00
-9.461331545164073376e+00
3.191747402158758184e+00
8.558802825597551234e+00
-8.223508377120751334e+00
-1.050021450520977950e+01
5.610118195830063215e+00
-3.682252940848005807e+00
-1.010109426522764586e+01
-5.243359981706048778e+00
-1.189736759379155906e+01
-8.104824633573308290e+00
-4.328193390706276844e+00
5.856882564257093193e+00
-9.298931951654212824e+00
-5.929767561226456429e+00
-1.151566637916851654e+01
-8.090064771778139985e+00
-3.691338203736636903e+00
-7.197259126079917024e+00
4.845174004604762885e+00
-5.219269982336516733e+00
-6.777607909981040457e+00
-2.265397407358261950e-01
-4.836621470388816846e+00
5.490996353411329522e+00
-4.982146752314780436e+00
-8.904634733648148170e+00
-1.199854130784464168e+01
-8.012548836150685361e+00
-6.541546631444916216e+00
-2.925106612637807579e+00
4.608933251546641685e+00
-8.238835475210761317e+00
-6.235222742993673517e-01
3.507409039784749272e+00
1.422707173035904882e+00
-1.209504876114474570e+01
-6.299497306205101843e+00
-1.099480256727996696e+01
3.053764985286867795e+00
-4.716120901409632360e+00
-2.635278800058344917e-01
-1.131475738174025913e+00
-8.860407301405487601e+00
-1.373674922883200722e+01
5.859702197928955414e+00
1.841177037092990965e+00
-5.536550008823081903e+00
-4.839348763664873765e+00
3.903938125381865909e+00
4.468914727893106509e+00
-7.136664420314706270e+00
-6.350780683685281147e+00
3.712294423765558626e+00
7.274263905118723450e+00
-6.156077857061411862e+00
-8.748563241525147305e+00
-1.147572654081931809e+01
-4.634811734609978195e+00
-5.952702307011549898e+00
-5.979464958955563070e+00
7.275128304422250558e+00
-7.799205394866346452e+00
-4.563444758757063013e+00
-6.145261993671470968e+00
-8.290208758554419077e+00
1.269302937313093960e+00
6.823259012385149092e+00
7.365104691325080388e+00
4.444808833327030584e+00
3.511584343417559317e+00
-5.521353571068695842e+00
-1.008415724388922108e+01
3.390030844911998908e+00
-8.811852804917725379e+00
-7.184882367850135232e+00
7.872089380551713589e+00
-6.689103248600148710e+00
2.655839280626462351e+00
-1.056519340141325181e+01
-4.189399806283348182e-01
-1.234019184086016452e+01
-3.778330802880817796e+00
-9.413265811651669424e+00
1.095291935929279648e+00
5.772617111625308439e+00
-4.632163734762319685e+00
-4.484614837440236812e+00
-5.723853097779270094e+00
-8.015874875240934117e+00
-4.153473994040029815e+00
5.356734982823936342e+00
-1.359412287058757407e+01
-5.543034239688413578e+00
-2.062678727019350067e+00
5.758819084463670634e+00
4.427938171111462040e+00
-8.039108337810422000e+00
-9.521737055214030576e+00
-9.638926766092909659e+00
-1.867042774417086104e+00
-2.389484339659027512e+00
4.500242029627806173e-01
-8.693723139427364188e+00
8.658402814768818345e+00
-3.562685237177835695e+00
3.389917562946629825e+00
4.561731756014219208e+00
-5.573943023558040721e+00
-4.602811083437984507e+00
-4.850908267237907801e+00
-3.914909387920257000e+00
-9.875739364259066733e+00
-2.313322206470814102e+00
-9.590359056321808850e+00
4.948435669763920686e+00
-7.562483294933138644e+00
-1.416244875900256162e+00
-2.366897835721442078e+00
6.510436362719900671e+00
2.296533706025710719e-01
5.249522348654907411e+00
-1.284379278343373176e+00
-8.250255252903654579e+00
-2.247975784314121928e+00
4.686517383485583998e+00
-7.417691904625459687e-01
3.515562054391574431e-01
-9.904591691405205012e+00
5.342456735931579992e+00
3.638752442957021938e+00
-8.131504185662320694e+00
2.996970358502507592e-01
-3.939251566417995232e+00
-4.068334987055778562e+00
2.440832316094128540e+00
-2.140431402199948874e+00
5.028926435329926115e+00
7.042614102681821642e+00
3.252707915256718429e+00
-3.382463256475127800e+00
2.724996121864649012e+00
-8.406095906433328935e+00
-6.608269968561911512e+00
-5.226272468846244301e+00
-5.136368728581362397e+00
-3.839897991029840085e+00
-1.563926869145819909e+00
6.418143916270852678e+00
-8.924021508245557399e+00
-8.715863433488358680e+00
3.304261748313490177e+00
2.807154117078145550e+00
-5.923730815946700590e-01
-1.149183781560933149e+01
-4.091151250106952020e+00
-1.624104488031001603e+00
-9.380979176342369996e+00
3.904318995841493223e+00
-2.266213890047172885e-01
2.904179672059596928e+00
-7.420535573947992347e+00
-2.579528813817780986e+00
-6.008865476641178205e+00
4.068495015198397624e+00
4.788929543058199734e+00
-6.216174841715801591e+00
2.965099960069063734e+00
-6.790296256155527566e+00
-7.526065583748941634e+00
-9.487308205940353290e+00
-1.254463960467128159e+00
-4.224310018773430819e+00
-4.346616349055798523e-01
5.165520438239921575e+00
-3.100880875828601058e-01
-4.607550000484363473e+00
-7.952605107800564177e+00
2.692532147931873787e+00
-6.436556955419409753e+00
-6.860975236190476334e-01
-4.601780515937793581e+00
2.653244535332480503e+00
-1.420625743855320033e+00
-5.010590225976097045e+00
-1.098801355124420986e+01
-9.741837279626476942e+00
4.738116902558542898e-01
-2.717314536733347996e+00
-6.343670081457642773e+00
6.804649782740554542e+00
-7.431855663543332824e+00
-1.711363229671850839e+00
-2.318328921268627330e+00
-1.818940738765149889e-02
-1.317300313049304528e+01
-9.223613959306442567e+00
-5.732079941464303552e+00
-8.907317878697403657e+00
5.100768558797364349e+00
-5.584853312302284323e+00
2.054331402886732771e+00
5.321883294941516240e+00
1.180421856579294326e+00
6.025646285880815078e+00
5.509371200027430859e+00
-2.949867391409331852e+00
-7.602731286238409325e+00
-7.381614745290027813e+00
-6.476177963589783815e+00
3.085240873966555775e+00
-3.613104018830290087e+00
-7.399449651212241186e+00
-6.459913690999514735e-01
-2.720939327604618541e+00
-9.346573082082537454e+00
-3.748517712461771456e+00
8.350619877348934850e+00
1.103453142304309154e+01
-5.699594627559312343e+00
-1.100554866937473397e+00
4.055038829055179761e+00
-9.925114705735989418e+00
-3.352193611749666680e+00
-5.760293626743932194e+00
6.340736664835645797e+00
-5.703528997834507175e-01
-1.178178565798874367e+01
-3.488952794133848290e+00
-8.279916461900246105e+00
-1.174917110691697530e+01
-5.374268836493872215e+00
-6.335922591106428747e+00
-5.000640990781593409e+00
-1.029580479978992358e+01
-9.648759560191962237e+00
-5.976428521583631692e+00
-4.169793369497869939e+00
2.968646699391070065e+00
-7.961098565093321255e+00
-4.341817695835285207e+00
1.421036151921332147e+00
-3.503123982108166334e+00
6.696465194507913665e+00
-5.031709498185580998e+00
3.698735215632809492e+00
-9.277704786083413424e+00
-6.025243620884655371e+00
-2.573784170892519541e+00
-5.246438114815808795e+00
3.077955230452787294e+00
-5.785806069398249818e+00
-1.244598575055850631e+01
5.712813720458526312e+00
-5.719557842985059537e+00
-9.391005435046164695e-01
-5.951799595712057744e+00
2.219957641650132985e+00
1.336629727201669726e-01
8.114271777272096253e-01
4.849261573905252476e+00
-1.321283282899636191e+01
-7.502982657356581875e+00
-4.633052577991237264e+00
-6.406055898537345250e+00
-4.736149049271960010e+00
3.195163641989075654e+00
-1.858558293247896676e-01
-6.323475025328338717e+00
7.813908772452062834e+00
3.422324372551076355e+00
-7.972614815214610573e+00
-1.064453203397220804e+01
1.165302264311945724e+00
5.140687522356692796e+00
-1.939332799016937159e+01
3.356608575600145805e+00
-8.763282143952734193e-01
-5.306911117556351698e+00
-9.827943609772220590e-01
2.978286803129813087e+00
-4.011322070632949099e+00
-7.012730597024586565e+00
-1.687621460231095272e+00
-1.875895791754662589e+00
3.581641035219381930e+00
-3.559944306684430959e+00
4.972587127684930941e+00
1.812428141275569615e+00
-7.215108872828729147e+00
2.361445492817000780e+00
-7.316144313408408095e+00
-6.643761482430241117e+00
3.512175581753352205e+00
8.209566201700557286e+00
2.358161604229596531e+00
-8.707142441803705779e+00
-1.184148832334652646e+01
-8.239822022284192249e-01
3.544071240914897114e+00
1.830249465406519338e-02
-1.027494280040467700e+01
-8.176853221260259375e+00
-5.155601288288313100e+00
-3.407033259960329907e+00
-9.011495255011135797e+00
-7.781037212221083799e+00
2.590417934283571366e+00
-7.802556182024860121e+00
-3.305424475556156150e+00
-5.033900817584659571e+00
3.558139225974689790e+00
-4.961707363491832723e+00
7.513878881874344273e+00
-6.184489753818693814e+00
-9.710285028530512008e+00
-4.819534994307226761e+00
4.483614946882744867e+00
-1.195638755269252584e+01
-7.500901003933034161e+00
-4.396440422502012169e+00
-4.861510391423816024e+00
-3.889645455938122609e+00
-1.877070864504738257e+00
-3.050976833835496560e+00
-6.900485446033379766e+00
-2.876082302393954127e+00
-6.165324564730069845e+00
3.070739296304917154e+00
-5.599499994126196256e+00
2.400463911004856232e+00
5.060693932460909927e+00
3.860270129456542243e+00
2.089969644400769599e+00
-4.871989241505512602e+00
-9.929131132455284003e+00
8.516195545781267418e-02
-6.179900482466195832e+00
2.021778953791519395e+00
3.880471092676605505e+00
-1.045010044550110528e+01
-8.998011420219606649e+00
-7.335437423244654198e+00
1.706783888747733346e+00
-8.009535048070020480e+00
-6.538326268120003171e+00
-6.580276995931999551e+00
-4.994498329640750356e+00
-7.169737868246611967e+00
4.055136174566716711e+00
-7.362231588891207323e+00
8.252451951819100628e+00
-6.292106241395947208e+00
-5.191852530877111960e+00
4.308826512633585182e+00
-3.110635744855426488e+00
-5.281768094212763387e+00
-1.102473508142877101e+01
5.686107839478356851e+00
-2.448582781422178556e+00
-1.606822686165022107e+00
-1.533178872802492404e-02
-5.653422267390522116e+00
-3.452767928912939155e+00
-1.184896681298147314e+01
-2.818241270665669873e+00
-5.329750017690021657e+00
-4.923852559815205865e+00
-1.236995402088331142e+00
-4.691546464705887765e+00
-7.765473099142905511e+00
5.919924618513385361e+00
7.022207025613651510e+00
1.606798953770617544e+00
5.479388393080878217e+00
1.216188204198199063e+00
-8.407616678510878572e+00
4.855172254013306876e+00
-3.131137429869013999e+00
-2.956410606301818067e+00
4.636732975955752067e+00
-3.116216660135556094e+00
-4.840995934882790230e+00
-6.999898558190516873e+00
-5.488917597746852728e+00
-3.592055734813448087e+00
-2.982796417077952178e+00
4.065680003767175421e+00
-1.076116837046089714e+01
-1.301138619005536956e+00
-8.328057693888075264e+00
-2.917972657365330402e+00
-4.906323603056641502e+00
-4.600178077335238314e+00
3.696665012820407270e+00
-6.075339010328812073e+00
1.797636830968097676e+00
-1.079698589510156026e+01
5.160986957208463011e+00
-3.427850327854106816e+00
-6.012760339370083251e+00
-1.282184050593741276e+01
-2.806670456847671358e-01
-1.216375921293446893e+01
-1.392943331665270712e+01
-6.730782997009340463e+00
-6.388782998942558855e+00
-7.588341233704849920e+00
-1.438692571446412671e+01
6.558917082313355351e+00
1.759937847191040738e+00
-5.597300522316711380e+00
1.326876316738895500e+00
1.725633730910507202e+00
4.044604329912203866e+00
-9.660049613237376320e+00
-7.242653723752359163e+00
2.901742979374120512e+00
-6.810011400180638219e+00
7.702094798071026815e+00
-1.886484060863688139e+00
2.898770528723507933e+00
5.692365286988310125e+00
1.694884387434833606e+00
3.768687355930636418e+00
-1.121713588990308530e+01
-5.142650071846185611e+00
7.019949840207760694e+00
-5.434131955007346360e-01
4.168604636293493648e+00
-4.529114062786256945e+00
-4.572714881160305112e+00
3.751590372853692124e+00
-1.220427504544572805e+01
-1.111093178334849796e+01
3.999261803683745065e+00
-2.652828638799665795e-01
-6.542585583454586740e+00
3.075969519528372942e+00
2.886881846752097136e+00
-4.443073243409240369e+00
-9.428890859290687487e+00
4.238463206591039700e+00
4.448338018008095140e+00
1.995795138578017602e-01
1.314185663647543079e+00
5.856176422983081054e+00
6.429896965720651281e+00
-3.188885526310818452e+00
-1.003829811948646444e+01
-5.294393637096391991e+00
-1.373931513132776949e+00
-3.276418390716935303e+00
-3.150404511470470847e+00
-6.661606926944934948e+00
-3.886661665859268755e+00
1.783359849463406421e+00
-2.673137223083010827e+00
-7.186965388857618819e+00
-6.594206422035862047e+00
-6.163196883420121175e+00
-5.052477035946300710e+00
-1.163124736078778421e+00
-7.385026150299607295e+00
-1.253985233698165169e+00
-1.859005575452423731e+00
3.717499265369604178e+00
-7.456997465865893737e+00
6.412080082957907656e+00
-5.490078227542332101e+00
-6.040520531341566191e+00
-8.050253561909787692e+00
6.136066155258671273e+00
-1.289583252385392842e-01
-7.109385077782690132e+00
2.094071536516608489e+00
3.821195528086432258e+00
-1.032518046552267066e+01
2.688798037032056776e+00
-1.023811352160623400e+01
-1.251286060741521666e+01
-4.294705798908577066e+00
4.357547086007327763e+00
2.659716489872232081e+00
-1.380676841189201021e+01
8.230136779443048667e+00
-8.761052998843380513e-01
3.166607966029636678e+00
-9.856790390178508332e+00
-1.209406311884599816e+01
-5.296709653674023383e-02
4.833353352752943088e+00
-2.464423814327763473e+00
-9.461637907129401004e-01
-6.409372118033181742e+00
-6.191658066100631963e+00
-4.179789195064111951e+00
-5.940560107275936197e+00
4.492666869555008269e+00
7.311518079333888309e+00
5.891282258510548431e+00
-9.274301593312317848e+00
-3.049618487019628343e+00
-6.972582900217857649e+00
-7.536196499453742259e-01
1.032111003236164892e+00
-9.623448386663708831e+00
-5.077018188249275976e-01
-4.316551891292347953e+00
-7.264478068468865679e+00
-5.098919753795246868e-01
-5.618689684509351245e+00
6.228618589323578369e+00
6.903080732212689696e+00
-7.538364981603344006e+00
5.576003506292305900e+00
-4.405322747265599581e+00
-9.894161993007942746e-01
-3.458853427655248503e+00
-6.815378857163512549e+00
-8.020469665316621644e+00
-7.444599355318419320e+00
-6.300232701325507279e+00
-1.373773280458424928e+01
-3.428249799699174094e+00
-4.236193009816062727e+00
-1.086263864012543223e+01
5.733507325505313723e-01
2.539014603781316048e-01
3.290611076204703611e-01
-5.205145082077913266e+00
-8.476299711804051285e+00
-1.007149025181858448e+01
-1.612923933383389397e+01
5.145431145265065176e+00
2.059807040804213951e+00
-7.097312387870201356e+00
4.212460421323449111e+00
-1.095739640280363414e+00
-3.295329888322243717e-01
-5.276760155985303236e+00
6.685748621543015524e+00
-1.111448622618275905e+01
2.163013739360685861e+00
-6.923161528478343207e+00
-8.054266703944454875e+00
4.556149586665203088e+00
-1.571754480435254564e+01
-2.499214602154430365e-01
-4.928807428910348953e+00
-1.242489538699901352e+01
-4.437858744711554060e+00
3.242085192171118901e+00
-1.578207426627894883e+01
-6.875800527923012773e+00
2.695427673413392622e+00
3.486655559219984823e+00
2.406079590746819541e+00
3.167100330372446759e+00
4.906059370270734021e+00
-2.724247291503377966e+00
4.919119751603288293e+00
-4.674090610732008599e+00
-5.980048711785708626e+00
-1.159281020585229882e+01
-2.708001352928410377e+00
5.366314605732207532e+00
3.101956976760784190e+00
4.450159139397289465e+00
-1.000979989397978009e+01
1.260548878375946913e+01
-1.057889412360444581e+01
-2.080118469854713936e+01
-6.989053062389618098e+00
-7.171784229726836379e+00
-7.079224397221186571e-01
4.973056005349549835e+00
-1.075024412915081662e+01
-3.853179220941755356e-01
-1.106569045857610867e+01
1.520511805126689708e+00
-8.301422879792447418e+00
-4.752474581871212855e+00
-8.692249248833149977e+00
-3.665430279438541827e+00
2.912123546927710915e+00
2.966913743307729945e+00
-1.447273401623499156e+00
9.508714853096816855e-01
-5.182586865279422916e+00
-7.872448427768760304e+00
-3.244718565353436723e+00
-3.570983862629827366e-01
-5.687478102201153796e+00
-6.650298867205637343e+00
-8.214451017631029472e+00
1.617816109069493358e+00
-1.026368626015871577e+01
-1.169588831537602225e+01
-1.169243740930450848e+01
3.971727551572459713e+00
-6.565859024462435301e+00
7.173734353547266629e+00
5.878729320461804519e+00
-1.004613066014478306e+01
-5.579347391802156331e-01
-1.541408840158893456e+00
1.575250064069618317e+00
5.195015933981427025e+00
3.652236477837283779e+00
-4.273176559464099356e+00
-7.625297266392721873e+00
5.518565041141002325e+00
-1.814963738452899378e-01
-1.432526374454766049e+00
2.407984609037309820e+00
-1.070030488244156253e+01
4.518179095821197144e+00
-3.400287836429121580e+00
-1.323069952503763780e+01
-7.794410094394087274e+00
-5.472246600938714067e+00
-5.552942771527707322e+00
-5.815432156191552515e+00
-1.152311493390899599e+01
6.809717492745922307e+00
-1.163419714640371794e+01
2.109060270748885024e+00
2.306610745509796723e-01
3.844701698880760965e+00
5.239079303734297532e-01
-6.116224485130304700e+00
5.551146345180801411e+00
1.569489113537204661e+00
2.713995013386821142e+00
-1.635926151796898154e+01
8.546647702236215949e+00
3.057678329770926462e-01
4.445653468419021870e+00
3.360663219713504457e+00
-1.837228708141218358e-02
-5.084531624201130029e+00
-1.070957490364565956e+01
-5.969850370447931098e+00
-7.871660977743257348e+00
-9.182013664120242780e+00
-8.659147281886163228e+00
-5.830933249097165927e+00
4.703138334239950424e+00
-9.081049975671332319e+00
-3.916785110765622413e+00
-6.314884807171127434e+00
-2.955729444224111546e+00
-1.619877242666178319e+01
6.897919207210201797e+00
7.867302867645741493e+00
-7.169872916179945932e+00
5.864008075568374778e+00
-3.744327867002140153e-01
6.433152762751836562e+00
3.198815678422946451e+00
-1.651688764651502606e+00
6.956480354385552012e+00
3.547327631632033462e+00
-2.167020895339506925e+00
-4.317033090026691333e+00
7.014499860485618576e+00
-1.842946428549733229e+00
-1.511302393505347563e+00
-2.347877575445457055e+01
9.961421445179386325e+00
-4.491790979707387388e-01
-3.494630295508875939e+00
-1.236859851285141509e+01
-2.549341960919532024e+00
-7.808481917276967721e+00
5.055381269121386190e+00
-1.084351860027462067e+01
-1.113794597951827292e+01
7.267119356346425363e+00
2.676479190304973166e+00
-1.063074264355854304e+01
7.971434569698039319e+00
-5.246411052869718539e+00
-4.106151526556580222e+00
-5.687814164561024732e+00
7.965188372180523224e+00
1.073728531343216197e+01
2.425597939481267673e+00
-5.146661669125069949e+00
-7.423647952502451908e+00
-1.053577042320104162e+01
-3.767677757327040911e-01
4.501595935129637738e+00
1.046902026572842370e+00
5.712204265686691151e+00
-9.671927045531900191e+00
-5.967008482990750373e+00
-4.062325186128329157e+00
-8.267110346209959104e+00
-9.450307112073161875e+00
-1.634485791582230396e+00
-5.919174131295292796e+00
-7.707557674647497414e+00
5.555952475979259120e+00
7.046751545754594837e+00
-2.913799990902907755e+00
7.069811692487722787e+00
-3.617671026928436895e+00
3.632343182415176397e+00
-7.782109067946477055e+00
6.611355230580850950e+00
-3.850376603530243358e+00
-2.456930923971157910e+01
2.294606655308995435e+00
-1.558055309387327547e+01
2.278680776539768527e+00
-1.692348864919834384e+00
9.280775877364925153e-01
2.712434464241157528e+00
2.570489232633270227e+00
-1.351294720822634243e+00
-4.784528544691806218e+00
-5.517508499118104481e+00
-1.547304475327606887e+01
-5.299242844862705581e+00
-4.049192792662155149e+00
-3.275379889410664713e+00
3.690663161068453046e+00
2.492094153655525002e+00
-6.321466046035904895e+00
-1.173476350937662893e+01
3.022282153378117453e+00
8.481566599725897104e-01
9.633875162904615985e-01
-1.210240173249128581e+01
8.500919650744370726e-01
-8.619164602819457954e+00
-9.567275179692441567e-01
4.605245469168858463e+00
-7.274745664383335253e+00
-3.747357160387196906e+00
-1.124438331484070375e+01
8.287364182574364690e+00
-7.647380004802118769e+00
4.626210003998820319e+00
-8.500447631508205149e+00
-4.362240253453162353e+00
-7.441770199448757062e+00
1.355487839249543525e+00
-3.576133590523287165e+00
-6.735757498463249782e+00
2.377935787672081247e+00
-1.197958153221125421e+00
5.726904637181568170e+00
4.650752527432969963e+00
1.780336620929520608e+00
-1.515960988913007124e-01
5.740780796749350934e+00
-1.187188619341337770e+01
6.532920107463560555e+00
-9.824414887771048654e+00
-3.679814259827225431e+00
1.789732441983588496e+00
-3.138232496281837314e+00
-7.299728295593710392e+00
-5.174257589585995021e+00
-5.399440412059792749e+00
-6.633807499546325204e+00
-1.392515616818376323e+01
-8.368182686782565938e+00
-9.709317835549111209e+00
2.422296846633596790e+00
-7.110023256114205381e+00
-5.323503220357232557e+00
-7.302673402183007312e+00
-4.487244519755770433e+00
3.387413112236455692e+00
-3.938069635136484781e+00
-1.354710794762545190e+00
-4.344708196262192068e+00
1.008894163803790933e+00
1.142505909013209253e+00
-1.054213866976134995e+01
5.615054021148606189e+00
-6.730007384462552089e+00
7.594847093928684956e-01
-2.454940929330307853e+01
-7.252293238569277989e+00
-1.138211887785082865e+01
3.610118062668711048e+00
-5.262420438715071924e+00
8.861373762995622627e+00
3.353698560632872638e+00
9.655044501923643052e-01
-9.130858062183186519e+00
7.645639371740644563e+00
4.885990428933292828e-01
4.434241453053249238e+00
-6.143403331900782582e+00
6.903122691528063903e+00
5.456650496314752630e+00
-9.407108762895470377e+00
-3.295613243221211242e-02
-8.453033217842019553e+00
2.711369105400080581e+00
3.145131857035887712e+00
2.216432882044482966e+00
-3.044350293995864654e+00
-6.976253665952622640e+00
-1.113104051469400702e+01
-1.327953257459866343e+01
-8.991674748096983194e+00
-4.508441393915713746e+00
9.949702677826550712e+00
-5.040092586812524367e+00
-7.037478583342277716e+00
-1.647794532658714006e+00
-1.611968592440752346e+01
-5.697622347429736500e+00
-1.188529525225913597e+00
-5.520466647550546391e+00
-7.754085076040624358e+00
-1.052250323672375698e+00
6.505306251249048932e-01
-5.623380963858404691e+00
-8.554323148157944701e+00
-2.046163037047979305e+00
4.258330431837999142e-02
-1.394413391204676600e+01
-1.276182060577654731e+01
-2.450415199965936819e-01
4.518276518535422781e+00
1.810801931148000588e-01
1.294428737332120827e+00
6.027220765660675772e-01
-2.327045817182181509e+00
-1.344778915963456445e+00
-1.411851533525037361e+01
-2.778358523672434632e+00
-1.413297089120479910e+01
-3.066535113205458796e+00
1.389508473757000573e+01
-7.057711584338118627e+00
1.932170233139582249e+00
-3.041354114885670867e+00
-7.797611831274704919e+00
6.388878435129859312e+00
8.076834246565068876e-01
6.172105950079599168e+00
-2.763809839194347973e+00
-1.025933864463621070e+01
4.258379245568281846e+00
8.349546777503427109e+00
4.017676337588445001e+00
5.779355341646732036e+00
-2.716645103597481015e+00
1.098164247866797449e+00
-9.734236275382878389e+00
2.499787022565777672e+00
-4.897519484018054037e+00
2.991404497581792388e+00
1.102926744999165720e+01
-9.419674827802159811e+00
-4.500118756840760792e-01
-1.604161191934333175e+01
-3.733689396046701248e+00
7.147952433840454312e+00
9.031199167857831611e+00
-2.021060968482258602e+01
-1.133033166303489914e+01
1.240794217067960004e+00
-8.445206844539042024e+00
-6.030024510850157782e+00
-5.820477458899403267e+00
-8.486163156889578119e+00
-5.133259976424841220e+00
-4.023123794357363003e+00
1.663848113455344446e+00
-1.323696934853088081e+01
-1.935344679302814441e+01
-5.617427635317474355e+00
-8.514093403986212394e+00
-1.250455742662564695e+01
-3.309122097275714491e+00
4.355759603707634042e+00
-1.745021225395017339e+01
-4.521627116856122619e+00
8.693033711044254375e+00
-4.630949743565373034e+00
-4.108622336444250678e+00
2.159213894743604811e+00
-5.324661175398823332e+00
-9.097079417815075786e+00
-9.069894503622341730e+00
-6.168265660840972053e+00
-6.460087671931673547e+00
-3.630028810315918619e+00
-7.031058837829513131e+00
-4.315984859343140023e+00
-7.563344802275980605e+00
-7.157598964250605711e+00
-1.130170785833691127e+01
-5.454833544719599914e+00
4.939931324164701820e+00
2.150717766201681425e+00
1.612879021533487611e+00
-5.769149741327584735e+00
-6.022184427957452790e+00
-9.451451700562159886e+00
6.276799576420190319e-02
-1.908559857780069180e+01
-6.308354442563109288e+00
-6.596145396947196815e+00
-2.283386759392182774e-01
2.498349600852935559e+00
3.245817867267919876e+00
-1.334024276942894893e+01
-1.625973980939764418e+00
-2.577082964191249381e+00
-8.790499349660169770e+00
-2.164367990309056911e+00
-5.611499988263892291e+00
7.842487665961138887e+00
-8.773944483023667473e+00
3.912721921014415738e+00
-6.455041641496346294e+00
-1.329501463830546015e+01
-3.154136084955210695e+00
-1.096372811861171925e+01
-1.084421070061404713e+01
-6.089071802121150512e+00
2.428735525108988824e+00
-4.520629137284331023e+00
-8.080725529731109802e+00
1.722623883948765755e+00
-8.952804868668952309e+00
-6.248736496329256873e+00
3.891893103603432547e+00
-5.510142602830944369e+00
6.758995243447730950e+00
-5.925410040259932565e+00
-6.798541202233726821e+00
-9.022650401272086285e+00
-4.381765312895717912e+00
-8.595545493310156715e+00
3.503954265678719260e+00
-1.021381104113178218e+01
-1.422500508587667412e+00
-6.068545499836018209e+00
-7.129204172381053972e+00
7.573152013501509572e+00
-9.562115851796152199e+00
1.735465822078852360e+00
-5.918336654494065208e+00
-3.478204689088353341e+00
1.818043894023884111e+00
-3.258321688206049505e+00
3.048483451427849378e+00
2.599410910481252390e+00
-7.586379359293903946e+00
-5.969834849043138547e+00
-2.242576279998299338e+00
-5.788591437445132826e+00
4.598924083737118806e+00
-1.300622166532996360e+01
-5.448485672995072804e+00
2.140662586078319052e+00
-4.441639329245095524e+00
-9.415260117195911604e+00
-4.341267887890888133e+00
-5.032914073315398973e+00
4.083759733502024147e+00
-4.634529119958908261e+00
8.713768150852972738e+00
3.253296169009705086e+00
6.035542944846636004e+00
-8.280558720083455171e+00
5.468873605277673633e+00
-4.275809981338139387e+00
-5.446407544186833150e+00
8.810408447384482145e+00
-6.632615292205660040e+00
8.721387570525291011e+00
-1.054777103774375568e+01
-3.878364551022317475e+00
9.000653443629440531e+00
3.315745820170337588e+00
-7.670999803435585740e+00
-5.164561680871255334e+00
4.758040890483012930e+00
-3.847022400404684905e+00
2.469110227858319018e+00
-1.406254767703838304e+01
7.353481794586808284e+00
-9.807658845400073488e+00
8.761669272055149449e+00
6.859956800922812903e+00
2.756901210277623804e+00
-9.349366894875092981e+00
-5.495468705380702978e+00
-5.132810522128601782e+00
-4.756926089001339841e-01
-1.559493088710520325e+01
-1.498933679726073942e+00
-6.213588906654025301e+00
-1.167989726570699993e+01
1.359405848788249882e+00
5.774563895228104649e+00
-1.507174692221716761e+01
-6.216293082864327246e+00
8.156403646909641481e+00
-7.494544026706115858e+00
-6.149638646349923299e+00
-1.118288517335415300e+01
3.732376331529618785e+00
-6.794987739853269204e+00
-5.718717781700579650e+00
-3.875042883533152072e+00
-5.928467869115054079e+00
1.424805709354242556e+00
-1.160153748152544395e+01
-2.094265090908021598e+00
5.944700909385731258e+00
3.845533880272790750e+00
-2.552354331884881145e+00
-1.053667327802942921e+01
-3.550874962804577706e+00
-7.402017730606731405e+00
2.294398261819940998e+00
-3.523035877468612576e+00
7.523717548838174674e-01
-3.686983537221412144e-01
-6.546509791184787375e+00
-1.579377865986551832e+00
-1.125776373873258862e+01
-5.121956846929961671e+00
6.336726099696685210e+00
6.411261080124235789e+00
-7.218487749397049846e+00
-3.918161296385100911e+00
5.441249682658291675e+00
-6.865380587014021430e+00
-3.886354723127023902e+00
4.428189911356208874e+00
-1.910425064325763644e+00
-8.641377275960810067e+00
1.575829471511573265e+00
3.824341871158621231e+00
-1.255283555535688222e+01
3.222933088540748781e+00
-8.777806888763189264e+00
9.975329236822872758e+00
-1.046657386851617666e+01
3.585536849423995864e+00
-9.412297015252196530e+00
-8.165929571237750650e+00
-8.293271583581445228e+00
-7.377848522502340245e+00
-8.308205710111424835e+00
-1.275060191029928447e+01
6.508521651964670696e+00
-8.278308628897219634e+00
-2.076182077931626235e+00
-1.131989909025394425e+01
-1.202436165684127367e+01
-1.217214109279054668e+01
-1.058176631923609223e+00
-1.070500515536827013e+00
5.140946163627119425e+00
-1.001400536360205784e+01
-8.166016111280498535e+00
-8.328477111242591491e+00
-2.610329077548225740e+00
6.743677878137523951e-01
-1.106280618294805151e+01
-4.972716950073779785e+00
2.324581176748559130e+00
4.290440995182613015e+00
-1.867141362584472608e+00
5.010300806316941191e+00
-1.284460314070400067e+01
2.578836409777021998e+00
-2.958603810522245858e+00
5.924949434762471157e+00
4.749818229851862306e+00
5.863168676749752173e+00
4.927731539599515820e+00
6.910917886396475751e+00
1.894531736661838606e+00
-7.738695503193096847e+00
-1.181769485276706000e+01
-1.233383418110772034e+01
-3.156834302505510781e+00
-1.445392260614848645e+01
-5.284234429466882155e+00
-2.831095508522450732e+00
-2.509334461844880071e+00
-2.126916394303031144e+00
-3.357794937649683398e+00
-1.025743754613895931e+01
5.097729354701156623e+00
-2.583302229724754984e+00
-1.724928776658469110e+00
1.187304235055275603e+00
-3.574099913925326888e+00
-1.056066947510316290e+01
-4.639876005851120588e+00
-6.896855256925273459e+00
-1.226232979864213668e+01
-4.888167368669722457e+00
-8.329218362971252176e+00
-3.092827568274918004e+00
5.953403816212293753e-01
-3.210026130890427432e+00
-8.957133156664438545e+00
-8.106366155367650705e+00
-1.761980581247562183e+00
-1.057987921783114516e+01
-1.895433751602947081e-02
-3.732201952369873954e+00
9.535151048204817403e-01
2.681854437430629456e+00
-1.096383249245493730e+01
-6.266279221553500811e+00
-7.672769962361305929e+00
-5.280633099325242164e+00
-5.031279323549888716e+00
6.504727282233258023e+00
-7.617942023460236634e+00
-7.194342531752240255e+00
-9.042813159676013512e+00
-2.996997815929931086e+00
-3.465668063220362249e+00
-8.613549610928458833e+00
4.522881794102789677e+00
3.404022908626918920e+00
-5.902694593398674527e+00
-7.352956875045925322e+00
-6.587206207868111285e+00
8.884361902991823712e+00
2.234105073288253696e+00
-5.685113994488961708e+00
-2.901087155802276829e+00
-6.495258418121107269e+00
1.533688380378168126e-01
7.796943532674797339e+00
-4.608792069035708927e+00
-6.023700261998778061e+00
-1.273767719306203361e+01
9.381077653870807387e-01
-3.119298681678391860e-01
-5.607816225361847096e+00
-1.002276042941660172e+01
-1.141643725626016043e-01
-7.869660610459905392e-01
-7.703493428591721148e+00
4.278125101780391404e+00
1.292191353764420736e+00
3.125203733280550455e+00
6.278660606959544310e+00
5.846830807047128431e+00
-1.270963911032922411e+01
-2.119893498770652140e+00
-9.702912212316435969e+00
-6.735797954484445960e+00
2.027615208805585711e-01
-6.204708223984701121e+00
-1.011342999634916318e+01
-5.930814377333843090e+00
-8.594720243077469846e+00
1.558111210985192674e+00
-1.003806794004027658e+01
-1.042645284341210221e+01
-1.032691941781119915e+01
1.213388947541910734e-01
2.728528573592249096e+00
-1.594448119675434539e+00
-1.451590547421776201e+01
-7.174506590833003017e+00
3.972555191037557609e+00
3.855517894818233149e+00
-7.055292174088085844e+00
4.538940030918149349e-01
-1.140452534624399128e+01
-6.672004186427460404e+00
-1.326413991274369231e+01
-7.556816033117311981e+00
3.877538119797656169e+00
-8.829781359826620601e+00
-4.457623765254419723e+00
5.361095451707602599e+00
-6.595255551269564087e+00
-1.612000676050791270e+01
6.524258399125993257e+00
6.009812678267101305e+00
4.918930939779146527e+00
-6.768460085669909532e+00
-5.565851941937471459e+00
2.710056588755936691e+00
-8.478735522089998256e+00
5.928805023050892409e+00
3.024278851765359377e+00
-7.471170406616211679e+00
8.645017863019987203e+00
2.264199523685779258e+00
-4.309576508570236442e-01
-1.507494173110813518e-01
-1.149400792364301971e+01
-1.028861807934935690e+01
-4.539968164298708864e+00
-8.804875384159641882e+00
-8.626605716232765175e+00
-5.183234602000439395e+00
-6.266625826181146053e+00
2.168763096217126929e+00
-7.527719224224392214e+00
-9.829480729916513226e+00
7.485088402360696946e+00
-5.878752052186208665e+00
-2.234998028754191957e+00
-1.782021278141059284e+01
-5.009828945271953771e+00
3.882335175743211853e+00
5.794100726266094625e+00
5.816975708918655563e+00
5.715375219721447131e+00
-1.031348203280869846e+01
-8.536500427937578905e+00
3.875064688494806120e+00
3.876912579677987303e+00
-4.582948526221447771e+00
4.596586503123287315e+00
-1.150827524407499780e+01
-1.232665895498613473e+01
4.478050683282067901e+00
-4.797774345605941626e+00
-2.827387034924311759e+00
4.570936589786530391e+00
1.862299027747121027e-01
-7.681839671365119138e+00
4.113885460273665196e+00
9.689017593854380550e+00
2.308532364205164722e+00
7.424672469355532378e+00
1.101507164380296500e+00
-9.518655080896497367e+00
1.361996996279969618e+00
-6.114977180766244302e+00
-3.191701689286133181e+00
-6.657009762487523297e+00
1.222081603462819688e+00
6.273074742698722339e+00
7.264434793046622652e+00
-6.847923742730498198e+00
3.764243299084009564e+00
9.412050615149654575e+00
-7.533607670251456057e+00
-2.668068652898487159e+00
1.636700922097402700e+00
6.413933589690656412e+00
-1.726750253234533972e+01
-2.969780326198216969e+00
-4.576070899239813805e+00
-1.461086487994350591e+01
2.730128365797527934e+00
-1.192139707016940342e+01
4.308532729856318966e+00
-9.060178361741765940e+00
-5.445598610293719055e+00
-5.990155276426782471e+00
-6.947004418307397344e+00
-7.226854810276472918e-02
-3.518730932489295249e+00
-4.981297737961233985e+00
7.042469423767474090e+00
-9.653678452747339378e+00
-1.664131310738995229e+00
-7.275337033620070670e+00
3.849673783041501096e+00
-1.014837853099215259e+01
-7.237155531154442656e+00
-7.986991814370426823e+00
-3.907645005879163413e+00
-9.457500933850949920e+00
-3.109422560980280359e+00
7.221629049448194948e+00
-4.935223182772472406e+00
-7.829284047791674084e+00
4.948271148585334345e+00
-9.031624929862147155e+00
3.246258195971667870e+00
2.757575470266657724e+00
-6.380588408605336603e+00
7.888893444190965276e+00
-2.844472324830144672e+00
-5.670438742757202277e+00
-6.951938263197255274e+00
1.609652535201223866e+00
-1.920552392709778955e+00
4.453592410790703227e+00
-5.582596286639183170e+00
-4.454463951259258536e+00
2.574938699812136189e+00
1.502308834371689494e+00
5.625429048646491736e+00
-1.558335936499548779e+01
-2.430993615531407137e+00
-7.514980551247665730e+00
-5.657825061936528677e+00
-6.722935971723143389e+00
-6.434035376273064877e+00
-7.260403350438333625e-01
-4.535060655523207807e+00
5.112486822130041020e+00
-8.742851284792948263e+00
-7.819536245115694229e+00
-5.283978903014303619e+00
-4.868734864104188098e+00
-6.536905650239116738e+00
-6.066352617764133370e+00
3.166037503212339121e+00
-9.201400085090989833e+00
6.167239159280043737e+00
-8.668956380762919522e+00
9.583488538598103901e+00
-1.762267449301057942e+00
6.874114883722993952e+00
-7.022885988769592913e+00
1.359588742571822273e+00
-7.636251397599186141e+00
-2.950045877817926598e+00
3.066281885102468241e+00
-6.406385497049726929e+00
1.525238183535779868e+01
-8.681106196097957195e+00
-8.833336294828059820e+00
-2.806184895005604751e+00
2.886963290740813814e+00
-5.244711498171038322e+00
-7.753116820192388126e+00
-1.146767957861859166e+01
1.581613555172291408e+00
1.061059615229535602e+01
7.452783215425374586e+00
-2.614657521296655407e+00
5.150793880453390372e+00
-3.944633425043151398e+00
-1.620597100014505898e+01
4.684937902976397339e+00
-3.291579213343635679e+00
-1.122726222676129915e+01
2.939015459561389765e+00
-4.930143824044280976e+00
-5.579095702061583673e+00
3.610555284029533851e+00
-2.768263952305543452e+00
1.596257532611252250e+00
3.979265624268494950e+00
-9.252772569972609773e+00
-1.482554274756612145e+01
-5.846289919786292089e+00
3.213022632788193000e+00
-9.640636081389736489e+00
3.052448277860026149e+00
-1.272565725392997749e+01
3.846141092900251302e+00
-3.488507767356304745e-01
-4.342471869917708283e+00
4.740669660558444187e-01
7.475995647289080281e+00
-4.380393511459307554e+00
-7.005944350770972662e+00
3.946168641595728221e+00
-1.092488925745058026e+01
2.030973904027147281e+00
-7.355008508105716380e+00
2.957732884254964834e+00
-1.168802051162807132e+01
3.533185811629398376e+00
2.990634898404799458e+00
-8.229276857977605886e+00
-9.379565992100229010e+00
-7.385786675413778646e+00
3.953610246419924090e-01
5.645447117402111914e+00
-9.313923956232423862e+00
5.648541822611247376e+00
5.432920111060177248e+00
5.644176511430785581e+00
5.638193361359787659e+00
5.632217446099171632e+00
4.609134863924347236e+00
1.067504453478648152e+01
-4.532916831649276723e+00
-7.233454814282466394e+00
3.301745394475220863e+00
-1.247485115842725634e+01
-8.511283670802454182e+00
1.401521521694719219e+00
-1.077845459225298974e+01
-1.032012807403640586e+01
-1.352036831364074265e+00
2.116407109731129221e+00
-2.895847680981552319e+00
-2.577236540246051977e+00
3.089779420233295770e+00
-9.530524168842088528e+00
-4.600622341571248830e-01
1.193354550154685967e+01
2.792661607055992423e+00
-5.129416088686383546e+00
6.611675399014615095e+00
3.010389409424300222e+00
-4.426514317458308589e+00
-6.186661630209879803e+00
4.891247735254864892e+00
-4.402101279279253099e+00
-4.155915584683923747e+00
-5.043352703765179967e+00
-8.840995975453784794e+00
-7.723658420698241045e+00
-1.383215008853855466e+01
-4.395911070321647074e+00
6.762131941190685502e+00
8.458154667504160784e+00
3.737277789433607555e+00
4.175390477919121324e+00
-5.219593946803593454e+00
-4.963373689001194577e+00
1.678323280134944140e+00
-9.561243391822847215e+00
-2.060824595414175953e+00
-5.595152076659259954e+00
5.663843742858715835e+00
-1.093527334798870676e+01
-1.040646808297253534e+00
-5.781369835526994017e+00
-7.068372280538300245e+00
4.010255317160487998e+00
-5.394972345259408719e+00
2.380641305964068533e+00
1.520547579184976295e+00
9.093576536429305079e+00
4.886755180594781756e+00
-8.295719235282662751e+00
-2.193770476104375255e+00
-1.814277227700109663e+01
-6.743066289841746830e+00
-6.023836740801609579e+00
-3.217869599250386958e+00
-1.517170937660562835e+01
6.380484429854655914e+00
1.425475018394331550e-02
-1.180045812966266361e+01
-5.404963450925440505e+00
-7.385694015138128066e+00
-6.663993561778577934e+00
-6.218166729654033276e+00
-1.072623257487857273e+01
1.272446179545497991e+00
9.156234431959424214e+00
-5.988838920172587343e+00
-3.167115762299485660e+00
-7.580544709856954277e+00
-1.197676621198857205e+01
-9.861632420691858414e+00
