5.361356638431605148e+00
2.515547826226185890e+00
4.537224757380305284e+00
2.870865175464851760e+00
-1.995685540893574306e+00
4.108582494973531674e+00
5.336666285189269665e+00
-1.724967832081870611e+01
-1.173841848417609235e+01
-3.374193799904357860e+00
-1.752614959455808830e+01
-1.059044012405709889e+00
-9.724944291078422509e+00
-1.805492951846034799e+01
7.149130522033211754e+00
-9.671141120729423335e+00
-6.231829083377993683e+00
-1.405206957413549063e+01
-1.557159977697988573e+01
-1.398503946351624450e+01
-2.115606123890687229e+01
-1.630710005830282228e+01
5.651457983933957152e+00
-1.295702058665359857e+01
-1.901566722986962077e+01
9.691572902701691916e+00
-9.261110856331036700e+00
8.027299528107341153e-01
5.473682005859201727e-01
-9.988062725102414774e+00
-1.633662765966352071e+00
-7.642991583122100252e+00
-1.224992627444084015e+01
-1.329955653984854536e+01
-2.171359929568489733e+01
-9.901283775587652158e+00
-2.221952889328808567e+01
4.408535495712674113e+00
2.465972061247208913e+00
-1.399985215729418897e+01
-1.112467059579872775e+01
-8.201674872672949590e+00
3.659392280989892221e+00
-1.825490347910041677e+01
-1.097106782109591627e+01
3.056026795433549381e+00
7.144272145576276323e+00
-1.333007354261065203e+01
-1.870468770020354388e+00
-5.538560563137093773e+00
8.614702022561102623e+00
-2.269679964837215280e+01
-2.153268097559774930e+01
-2.780796512230655537e+01
5.559336513604963947e+00
-8.373565506544839110e+00
-1.830180640345906440e+01
8.243745462722282369e+00
-4.361432546129885068e+00
4.479435062919370658e+00
-5.878722703580606002e+00
-2.524831476499327465e+01
-8.786615856711813777e+00
8.919877420573621762e+00
7.636194583068722785e-01
1.044209814869384578e-01
4.236515475209410297e+00
-1.186339843602054422e+01
-1.331286143391432120e+01
-5.946301438229987468e+00
-1.438087071679201223e+01
-7.868742475342530796e+00
-3.831646454465607476e+00
5.423849654686652144e+00
-2.368631458087551600e+00
-9.867343029263277998e+00
-1.241643083025501149e+01
4.813716958368931209e+00
-1.355338876929594072e+01
4.546017598115082770e+00
-1.398244958675894445e+01
-1.432025971785706275e+01
-1.028970241123702323e+01
-2.314026496571615610e+01
-1.479096258091392002e+01
5.497032287030041431e+00
-5.812419093921580959e+00
6.520298248529326379e+00
2.978172845668379587e+00
-1.320698798229812354e+01
-8.758505274991890133e+00
-1.628801972031165590e+01
-1.620473793492279313e+01
1.403156877673242153e+00
-2.126550209031437788e+01
-4.652250817023350749e+00
-6.026717227260246723e+00
4.565572043629791743e+00
5.424382409289944640e+00
-8.195853567614255653e+00
-6.421594307371210952e+00
-7.522544650655827780e+00
-1.526327933709927720e+01
5.312707809313109486e+00
4.329041281144395903e+00
-1.657824370724469532e+01
-1.216885046220924949e+01
-9.566798954001335176e+00
4.509943660582925951e+00
5.168217941900676848e-02
4.750571830659018779e+00
1.905258265773879023e+00
-1.892156536125821376e+01
-1.397835491035706212e+01
-6.579601314103614706e-01
-6.240372688601765638e+00
-1.172604207853130909e+01
-1.324507218049306445e+01
6.594828306637604776e+00
7.158553461292965103e+00
-1.672789003827723064e+01
1.812829528387739364e+00
-1.722539021208569920e+01
3.084005241873029490e+00
4.751290758571317774e+00
-4.852020264619147483e+00
-1.870630058354106140e+01
-6.979313478115754421e+00
-8.556092062660058062e+00
-7.853560925455719932e+00
8.700277882649288586e+00
1.760550945355433550e+00
-5.266337339298950759e+00
3.575361139156346013e+00
3.970941707283415667e+00
5.296864674457871125e+00
-7.811128163024956272e+00
-4.870196332813672591e+00
1.527406533074399553e+00
-9.576401350407209634e+00
-1.355550943698481348e+01
-2.084382832229385585e+01
-4.791384838019578041e+00
-7.181527796258846408e-02
-1.378412000484107836e+01
6.323116069758579094e+00
-2.522004063161570997e+00
-1.137706855470707090e+01
6.147897898629582691e+00
-5.271964831724179845e+00
4.207964189093836183e+00
-7.677023508286518805e+00
3.924191554311150298e+00
8.691741718629024671e-01
-1.302634622647499363e+01
-1.720190040276226995e+01
3.174480063703397192e+00
-9.677754870826722922e+00
-7.245745716095885136e+00
-5.478539038865436694e+00
-1.138317916892336079e+01
-2.114395391861533113e+01
-1.212810411575655500e+01
-1.415485580045502623e+01
8.323568754185186602e-01
-7.177056217184690112e+00
3.441296769521466459e+00
7.430992069154175539e+00
4.712219686581704536e+00
-1.796622053087974180e+01
-1.460885682954202736e+01
4.950177060729963330e+00
-8.652193430872806346e+00
4.959637404289463980e+00
-1.701650351178304321e+00
-3.446007133199128214e-01
3.108177334666800462e+00
4.098619031524878054e+00
-2.755887348250364077e+00
-5.153520482252626600e+00
-1.137617781835450259e+01
-3.483659771431569574e+00
-1.212549481290354869e+01
-1.505779762161718605e+00
-5.133651974301356447e+00
2.090083301547988270e+00
7.035788589667011372e+00
-6.958232706946199997e+00
5.911787772138290542e+00
6.914358378090027735e+00
-7.551008873248579611e+00
-4.258501152105142573e+00
-2.562698211923899017e+00
-1.295836487694470662e+01
1.365697789179333377e+00
-3.252387610359369630e-01
1.536147853024018461e+00
6.658178318866266210e+00
6.382115718072509658e+00
4.506618153952092420e+00
2.381809428368199200e+00
-1.299700281223988974e+01
-3.254333737016062322e+00
-8.385232021123668389e+00
-7.157399628857942453e+00
-1.264069116769099921e+01
-8.055678999320123879e+00
-2.913947323631630448e-01
-8.072438238319348258e+00
5.679006220203929090e+00
-1.600330276012543607e+01
7.868088459167928761e+00
-6.445364931234538908e+00
6.279288181877293873e+00
9.489869260932318085e+00
5.086853379517797258e+00
-3.403851657291074417e+00
3.383625832885911677e+00
-6.300115792649822133e+00
8.399796871073922588e+00
-5.871407797872270962e+00
-1.663385751722316508e+00
1.274502444603298423e+00
-6.754800985974051208e+00
6.574566153250292366e+00
-1.186318819815683412e+01
-1.197058964438434181e+01
-5.134717087602871821e+00
-2.199838092962625780e+00
-1.971239365002323751e+01
5.354489164463120510e+00
-2.301455203622552403e+00
-7.894461358072456747e+00
-2.664737069551848414e+00
-1.833634918210272602e+01
1.026525011587599678e+01
6.191917877693068561e+00
-3.908479933746993318e+00
-1.216133718528868091e+00
3.677051802691496896e+00
-9.708020023943568333e+00
-1.521985328426879214e+01
-1.351635247082024094e+01
-1.667401420916451471e+01
-4.426896206443126758e+00
-1.442667843960171581e+01
-1.410847292912400697e+01
5.057236057782821259e-01
-1.821452149014463018e+01
9.161090646901335788e+00
7.263376524058534400e+00
5.929392219227085370e+00
-7.236326503244725039e+00
-1.198181871416083588e+01
-1.520888233773046672e+01
2.452503663886182572e+00
6.587157564894881467e+00
-1.522144094626000488e+01
5.629898095060296370e+00
-1.714487507975717406e+01
7.427159845625046941e+00
9.915001335368378577e+00
8.519345908087622377e+00
-5.476072130302521046e+00
-8.225986367648006947e+00
3.200357687663371031e+00
-1.963357438601452287e+01
1.864964644548330552e+00
-2.171946216530016116e+01
-1.652904876518305599e+01
8.242567673379175730e+00
1.006185467308352566e-01
-2.487500910934527631e+00
6.403376292589260110e+00
-1.004618462454231143e+01
-1.337853491166277742e+01
4.577115151703248230e+00
-1.052193501054933655e+01
-5.604588905800328424e-01
-2.205003086858519978e+00
5.874518595385578301e-01
-1.823904068547954438e+01
1.876846101219014074e-01
4.980926410108162727e+00
-2.661331981958587889e+00
-1.409101796185407629e+01
-9.051050910308827468e+00
-1.574594074169214331e+01
2.880297007383288310e+00
-5.119145706233950710e-01
4.980564475281468617e+00
-6.110191240964661930e+00
-1.261243448826181712e+01
6.287952411385790974e-01
-1.115453272783130423e+01
3.298625910770303093e-01
-7.677006419728409803e+00
-9.944530387442584995e+00
-1.755702815786086646e+01
-2.021388270590151492e+01
-1.426806294197984926e+01
-2.491141029049784628e+00
6.829800950951504745e+00
-8.091822183182562966e+00
7.917181559605111829e+00
-4.621679320507124267e+00
-1.232777574577132107e+01
-5.257844817382201441e+00
6.606946478071052731e+00
3.603436344827492199e+00
-2.479082979076455828e+01
-5.616060725587370683e+00
-2.114249153601900844e+01
1.099455788494251429e+01
-7.536606825649630359e+00
-1.371822910518682193e+01
-2.443056424185841990e+01
6.567220737808018960e+00
5.860910932736119960e+00
-3.657707097544208530e+00
9.225006285006315920e+00
-1.056591735042946034e+01
1.349907701281825911e+00
-7.809280271277854624e+00
4.101025141409867736e+00
-1.025404836876832171e+01
7.483438307892864572e+00
-8.750362674422527576e+00
-2.105536058186811488e+01
-6.803835862027576731e+00
-2.045246999183359904e+01
-5.201596970923237251e+00
-1.656722580186061222e+01
1.007984107804333895e+00
1.408103812102538432e+00
6.366344559879388854e+00
-1.090588068982602632e+00
-3.023831427763055046e+01
-5.863250218382637158e+00
-1.730922102300061383e+01
-1.193538218037870813e+01
6.121547765202504099e-01
-1.336076863043214757e+01
-1.011987349213360510e+01
-1.478468480485794778e+01
-2.138433444918562687e-01
-9.968372513444457184e+00
-1.403799443027506921e+00
-2.210677271562712320e+00
6.855277105767685342e+00
-5.475169080729747506e+00
-6.675471228217292996e+00
-1.568701127702320974e+01
-1.255655683650191712e+01
-9.944850519082512719e+00
-1.076226073101723912e+01
-2.308249548142614405e+00
3.824819000503436150e+00
-1.779789963592549284e+01
-1.746298947373404786e+01
1.454262362446756551e-01
-2.283614950517615227e+01
-5.291766442859975328e+00
-9.309063960885099576e+00
-5.282113278927432987e+00
-5.455870962717366268e+00
1.645044294236899018e+00
-4.072917573730942209e+00
-1.474745618825912175e+01
-7.446405284815924119e+00
4.670304343550738757e+00
-1.686731455874851093e+01
2.912957457361344815e+00
-1.482267502908383605e+01
-1.936251167080489211e+01
-1.887725384232842885e+01
4.335116342530306532e+00
-1.226944060527864977e+01
3.010487637273589812e+00
6.848435573536064247e+00
5.604161376062014810e+00
1.151169727311282864e+00
-6.761461132149049647e+00
-1.588560193505947460e+01
3.811872696096757274e+00
-1.228312282752640883e+01
-2.736502949941717944e+00
-5.033345417946953226e+00
-2.516214375487725530e+00
-5.800231611212796068e+00
4.081908925345655526e+00
-1.245949489526138443e+01
-1.322306907537965692e+01
6.787056619883737874e+00
-1.345850180785328654e+01
-4.545998495410571216e+00
-1.037417965587937196e+01
5.615286408256134898e+00
3.568174522534189208e+00
4.496384277494932524e-01
-1.273406040638008285e+01
-1.312323068666402293e+01
6.288838816785002450e+00
-5.934419360540233335e+00
-7.070693699253104647e+00
6.910184121765628795e+00
-1.292151632343482248e+01
3.022500904677229094e+00
-3.181025041396412512e-01
7.230532793195391328e+00
8.609972748391122366e+00
-1.860556876666699111e+01
5.716740677979775143e+00
3.682367833374381227e+00
-9.657938625521936160e+00
2.416148404386658122e+00
1.982063455006764618e+00
-1.640700795042536697e+01
3.814237313126516149e+00
5.232204029900199949e+00
-8.982137611451859627e+00
7.054589482740775352e+00
-8.087448483402569721e+00
3.453971188413548887e+00
-6.898687672230953360e+00
4.683236718175644242e+00
-1.021885836156505434e+01
3.057166231064220030e-01
-4.925612582018850105e+00
-1.300351405681933858e+00
9.667934476575027247e+00
-1.351287251840222403e+01
2.713866603543015898e+00
-7.734373200731146980e+00
3.616645613093624867e+00
-5.833055785183808517e+00
-7.071936285501990049e+00
-5.600168485732220702e+00
-2.326193023890475686e+01
-4.167797189283950487e+00
-4.891480078737229675e+00
-7.123192814237816251e+00
6.498545477415873961e+00
-8.948402622434128872e+00
-1.903412878524450136e+01
-3.500510580586351672e+00
8.388244315737573231e+00
-2.915331542384114627e+01
-9.054272088745769054e+00
-1.285062516848080261e+00
7.139193257812318727e+00
-6.236282952551987613e+00
-1.707542397580542826e+00
-1.061181686290671244e+01
7.523233912680371560e-01
-1.768801243947037527e+00
3.931508654708220085e+00
-1.079962567640699511e+01
-1.332896076598967383e+01
-1.535553420442454886e+01
-1.439331788178557758e+01
-2.180038213590010798e+01
-2.616372945262309457e+00
-9.154170691428964446e+00
2.467964196430819435e+00
3.351272528024541675e+00
1.951001364732066090e+00
-6.844014995897052422e+00
7.590397308272845756e+00
5.781631053699348932e+00
-7.114492218213682939e+00
-1.153218904753450502e+01
-5.117660803735634367e+00
5.869571119241482116e+00
-1.231122014438039614e+01
-9.420680673817937389e+00
-1.304434817708007444e+01
-2.019209881067606815e+01
-6.000319579961984395e+00
-1.146642557738863744e+01
-8.573005500158798142e+00
-3.289620374151946081e+00
7.702746616731604767e+00
-7.370525798698344122e-01
9.108749964279247990e+00
-6.966216940773555244e+00
-1.997118643488793666e+01
-1.224638676982907270e+01
-1.531306216176920199e+00
-7.813807969901056971e+00
-1.160586115888740366e+01
-1.765240401280573224e+01
-1.900441214433057269e+01
-1.581849526233587966e+01
-1.919232270029696252e+01
-5.097063873212406726e+00
-2.887083438051311735e+00
3.937620229483872691e+00
-9.067818812963157171e+00
3.042478589260916966e+00
-8.467473033102381308e+00
4.483280892919155214e+00
-6.356109634102510952e+00
-7.640651350856164647e+00
2.223254480658330756e+00
3.374896114142449832e+00
8.408662814595860624e+00
-8.541944982814673182e+00
-8.240315337813438390e+00
-3.679763869926730990e+00
-9.497683612301710099e+00
7.455552363427973894e+00
-2.014926092046732364e+01
1.041322920457693968e+01
4.131790571859196071e+00
-7.925858667749396957e+00
-5.706077277926310920e+00
5.278766476839840127e-01
-2.100124447685865903e+01
6.812743492087228958e+00
-5.857410343896748195e+00
-9.785450513587839794e+00
-1.205565059976821374e+01
2.492877046825583420e+00
-6.548595787769245113e+00
-8.707425715729272042e+00
-1.137697318332467233e+01
-8.007133740725105753e+00
-1.205205437092014620e+01
-1.172979586723717560e+01
-7.157643683874447937e+00
1.602372611861547114e+00
7.487426039622184781e+00
-4.657402370633364264e+00
-1.210581705926794172e+01
-1.643322322488592846e+01
-4.113722792752199986e+00
8.664216211824765423e+00
-1.033920487871182559e+01
-1.160095940458561259e+01
-2.609486878108085861e+01
-6.407768597628181517e+00
-1.289152132958410135e+01
-1.110649451339896032e+01
-6.306459040317605513e+00
-7.490938447086030294e+00
8.319186840235225588e+00
-5.765973390909655549e+00
-9.272901375880049812e+00
1.163409052165271573e+00
-1.496522256213499702e+01
5.738740869921882926e+00
-2.446248532957553579e+01
-4.630120228691344764e+00
-4.694166571935695309e+00
-1.920831554975273292e+01
5.497727401033915662e+00
2.263993614907505059e+00
4.513295425976989073e+00
4.728220292250221668e+00
-1.918961184811258747e+01
7.322699215308418275e+00
-1.708582587392338681e+01
-7.115237918762663760e+00
-1.342851510018911654e+01
-1.287447649427553387e+01
-1.701012275303171606e+01
-1.458786842325374167e+01
-4.297057991022502854e+00
-1.440399025763531515e+00
-2.399365013846072037e-01
-8.843309446168191812e+00
-9.565913388285082419e+00
4.149559335888700851e+00
5.151925624397695636e+00
-8.048154541719409139e+00
-2.440935820296647574e+00
-1.457412774281538859e+01
-6.006941418293226143e+00
-1.951482666066285887e+01
-6.051999725606873604e+00
2.683369401879246219e+00
-2.052027567390214102e+01
-6.727415301065685860e+00
-7.101357266151644865e+00
-2.426130785597907291e+01
2.566727302787742637e+00
-4.718553065407584235e+00
-7.300688603886984041e+00
4.868139207511163136e+00
-1.844601637499780011e+01
3.605706767244591937e+00
-6.191009425645360942e+00
-7.818601628747269494e+00
-9.804777904841365910e+00
7.591632891953690176e-01
-2.643472507590397669e+01
-2.043143532325942857e+01
9.577369274303116242e+00
1.470085687827214826e+00
4.081652027113808145e+00
3.114621855695934638e+00
-6.994849262242801125e+00
3.918717486606932976e-01
-4.630365810234253310e+00
-6.348577513972024633e+00
-6.339871331172997060e+00
-4.540064093032816217e+00
-1.802657466936208763e+01
-4.811310049258309185e+00
-1.013624604333678292e+01
-3.822431349768209419e-01
-1.474864199009545018e+00
-7.765135834702663331e-01
-1.095451086331682333e+01
-1.144273925685905269e+01
-1.025326413760331690e+01
-6.900617707332055595e+00
-6.500796033335909385e-01
-1.834005095001889174e+01
5.995384192203178308e+00
-7.707803753828340376e+00
-1.634047266806798504e+01
8.373582966939800087e+00
-1.132880899549017428e+01
-1.122880266089481083e+01
-1.356237231699116919e+01
-1.318060859880011293e+01
-1.529435628653621748e+01
-1.069877842533682255e+01
-1.281265957019239821e+01
-4.556851360617569568e+00
-2.959862397115458066e+01
2.865191674741842220e+00
-1.548904786162081848e+01
-1.210529156778494198e+01
-2.612127125020804286e+01
-5.048598559100020644e+00
-1.280830598133809772e+01
6.758375640952770880e+00
-2.283224851567095826e+01
-1.475330942013171409e+01
5.393489409723804862e+00
-3.212923769924806550e+00
7.810140169379168107e+00
-5.160662354723278611e+00
3.243593017962314029e+00
4.974733079693164584e+00
-8.057204410928664018e+00
2.458101872492850504e+00
4.837569876676788283e-01
6.919079447904999292e+00
3.921486492484405062e+00
-5.990858515203669299e+00
-4.925583920217925460e+00
-4.044614563100239479e+00
-1.263166249022161125e+01
-2.142955055295098887e+00
2.304847236618509321e+00
-1.782451831467018621e+01
9.354998594969254899e-01
-1.567432154340491834e+01
1.643771214013099335e+00
-5.998625485430054916e+00
3.873434586937354318e+00
6.282061143643264955e+00
-1.394900357365172994e+01
4.799812112695491351e+00
-2.491086550273521993e+01
5.556064658678298684e+00
-1.391262036646739020e+01
5.513417958342872183e+00
6.607143136697492203e+00
-1.762434956519839702e+01
-1.486563207649697915e+01
3.221165423813884265e-01
1.094472574912971785e+00
-1.025156224536883798e+01
2.444177034592804887e+00
-1.465712916606168648e+01
3.298295724773607773e+00
-5.803052434750367361e+00
-1.054935603911974695e+01
-7.678745564657178946e+00
-1.831560082148481783e+01
-9.027969665828545764e-01
-4.190367729727032753e+00
1.092841765678867816e+01
-5.904970449329566939e+00
-9.930537542738452572e+00
5.611042752157143987e+00
-1.478798282037799172e+00
-1.817808384537184807e+01
-1.680204231317825858e+01
-1.098037551465729678e+01
-4.947413808044799133e+00
3.262035322927058445e+00
3.182839435257247551e+00
-6.378767665455573166e+00
-8.306493267080707454e+00
-1.098885344889977844e+01
7.362616497610201982e+00
-7.573209853351210441e+00
-1.375567316916449201e+01
5.417561222495447915e+00
-1.963264961400475528e+01
-1.083224303805731870e+00
-1.662557193542394884e+01
-9.066029640640568488e+00
-6.246522894600154530e+00
-1.414560797662901592e+01
-3.735541322400734998e+00
4.527192093676671192e+00
-2.993290404808774596e+01
-1.236041550667451716e+01
4.010691066632630530e+00
1.419939153273200638e+00
1.263332785420405457e+01
-1.061073233276048455e+01
4.939846261259482674e+00
1.245380688582600204e+00
8.297741316619976715e+00
-6.235212737097040048e+00
-1.170344283611196090e+01
-1.455195032122523102e+01
-1.030546938618937602e+01
-3.519522027950470200e+00
-1.064508410883340872e+01
-1.263147308594728102e+01
3.117159588869876874e+00
-1.266132877844516003e+01
8.600719882451581810e+00
6.114209212583610942e+00
-8.114506603480272418e+00
-9.813014620494893592e+00
-9.865474430764752611e+00
-1.069570223841320811e+01
6.248717062685074985e+00
5.433520758781327231e+00
3.804461521016865078e+00
-5.548285851051065976e+00
-1.937295382812539302e+01
-1.021455525913080464e+01
-5.305444103889385588e+00
-1.361509455072354768e+01
7.922040868179011319e+00
-1.437882093347443302e+01
-1.496336526941159306e+01
-1.795573819600843990e+01
7.102338227519080505e+00
1.686011961255634350e+00
1.041548007442029089e+01
-1.022356201577182944e+01
6.533218811605434162e+00
-1.134162585685430358e+01
-1.127198885281386254e+01
-1.233187634939339006e+01
-8.716308733542717846e+00
-3.115354202667481420e+00
3.538461198405552288e+00
-9.553873080136622065e+00
3.900910090390140361e+00
-5.488739325648411160e+00
-6.245225764662396539e-01
3.954527440898813140e+00
1.634691498778836127e+00
-8.748826108435128646e+00
2.329890781394869492e+00
-1.842245891443309347e+01
8.618356521983280061e+00
-8.634669667452763875e+00
8.488947864271301214e-01
-4.539832726516472405e+00
-5.342010413705209793e+00
-4.383039266452993132e+00
8.881271634106433055e+00
7.944691822329533970e+00
5.120584250217324218e+00
-1.341042071450074857e+01
7.476281613451331687e+00
6.235103017288659011e+00
-1.454820772120990924e+00
-9.953207002320718644e-01
2.997782737757217486e-01
-4.007991642843036217e+00
7.469785601307510348e-01
-1.948501573633989636e+01
-2.138589765843639512e+01
-1.454443623774488614e+01
-2.279473872088937014e+01
-1.923180141111796004e+01
-1.161997883917631214e+01
-6.811265846510350386e+00
-7.564215348358033886e+00
-4.837572072107126253e+00
8.236420969348650090e+00
-9.664824308035012024e+00
3.620613993032509192e+00
-1.654109746743548381e-02
-1.329189228898048825e+01
-1.091561034302958788e+01
-2.021562601517659274e+01
4.969127962015352118e+00
7.963213519870540047e+00
4.277560375469813714e+00
-1.388574581699455734e+01
4.979687190698736110e+00
-1.040719881632531241e+01
-1.053330628123577384e+01
6.998307130835769385e+00
-4.212804017990857908e+00
3.961402901588761516e+00
-3.726090128890716446e+00
-8.738646419039074686e+00
7.030983902037537092e+00
-1.851355668646125707e+01
3.951110954132691866e+00
-2.322038501635573482e+01
-1.174412762837269852e+01
-1.521862603723224794e+01
-2.965375113892848447e+01
1.126307802540450353e+01
-3.822823765259068640e+00
3.118914416410695001e+00
-6.078098424126761046e+00
6.142364580319797263e+00
8.817791541609214079e+00
6.230470846166091370e+00
-3.693142231897117878e+00
-3.284227530275887652e+00
-6.307461912290654560e+00
9.005245918573162811e+00
-9.574605801991769027e+00
-1.143860151930221036e+01
-3.174968906805808011e+00
7.635358664459896083e+00
-2.075551865782735916e+01
-5.426641748060916370e+00
-1.230862976638535145e+01
-1.816802072234647625e+00
1.561042482255380115e+00
-1.273409946585918817e+01
4.699694092593206918e+00
-1.509711020763887390e+01
-1.443871347993255227e+01
4.617785871046057089e+00
-1.182918488498745191e+01
-1.829311729476398440e+01
-7.591265808387990255e+00
-4.579766325562266260e+00
6.744189156859816681e-01
5.723854154335283440e+00
4.445242335392958211e-01
-1.308407083643659519e+01
-2.088133142689152422e+01
-1.012204934461135153e+01
-4.877356964320537003e+00
3.651324946303310170e+00
-5.536016438125346717e+00
4.995974017081102225e+00
6.377042676235499918e+00
-1.022168069169480376e+01
-1.463667720775965364e+01
5.842072269956272379e+00
-4.271260055670104805e+00
-1.629204924462676729e+01
-1.473330746970543714e+01
-2.248309887161961029e+01
-1.513974624904857080e+01
-8.859839197590488880e+00
5.895413832602405257e+00
-1.249792500944732154e+01
-5.873719554676346100e+00
-1.200688184510817891e+01
-1.915574424712810142e+01
-6.509397748356549052e+00
-1.248662428455027040e+01
6.662253621627765021e+00
-4.710824793656871456e+00
-1.517552133712253948e+01
2.632791279283650088e+00
-6.231901198560470867e+00
3.725796754867293004e+00
-6.825026337964220424e+00
-9.200445570473839041e+00
-1.684046301704467297e+01
-8.190057460351102492e+00
-1.342886695452698120e+01
-6.839451990849831020e+00
1.961493977329383576e+00
-2.013420484008763367e+01
-5.562429172891550699e+00
3.772698837965769769e+00
2.308011683362596322e+00
-6.960730687478884349e+00
-6.435930125164756710e+00
-1.817747256351151819e+01
4.783672295381890649e+00
-5.555667448089173455e+00
-1.711391771929840377e+00
-1.052153303679355112e+00
-1.846920986644713381e+01
-2.002031876169181857e+01
7.006802209557831951e+00
3.927499023130235578e+00
-8.582952730117693108e+00
-1.029970141265064854e+01
6.114536526692712748e+00
4.024892336738867371e+00
-1.788163751009244606e+01
-8.119416638400519304e+00
4.481054705233382229e+00
6.158698283639128412e+00
-1.796389450435188806e+01
-1.289558633441776081e+01
-1.976188099785952446e+01
-6.399370698974213845e+00
-1.062443822918629621e+01
-6.691200376098618285e+00
5.984952965039744832e+00
-1.547255347020517391e+01
-4.752229654381393331e+00
-1.360279259641807670e+01
-2.070216509297928198e+01
8.427276845185760479e-01
7.092885328642399401e+00
6.769882947635035286e+00
6.611427631948659567e+00
1.736198044721191991e+00
-5.931644129544793032e+00
-1.871535530797326174e+01
5.321214385490568688e+00
-1.336166016579595350e+01
-5.791141013206593691e+00
5.127758611914949860e+00
-4.808779259428973774e+00
1.581787502223500175e+00
-1.885668181758400408e+01
1.041134810134756172e+00
-1.439645382284818531e+01
-3.826734927992171187e+00
-6.105527328165447187e+00
2.259422341773606568e+00
7.720327093980659861e+00
-6.106461479373985313e+00
-1.078087396061671477e+01
-7.220274875283468674e+00
-1.420762901862577188e+01
-3.303327673733060799e+00
5.660134674216593886e+00
-1.035954490921625037e+01
-8.598430107147247980e+00
-1.502345280324391741e+00
6.309587823556388919e+00
7.041066171594589029e+00
-9.360679884977587406e+00
-1.944459122881652391e+01
-1.388089686513441734e+01
-1.523185456253705716e+00
-3.821895857546185660e+00
9.840543330839042202e-01
-9.382387966902459908e+00
8.621996918422969003e+00
-6.161616699878695869e+00
4.245816135828595073e+00
6.130172601920500952e+00
-1.024450333854347228e+01
-5.387736228718487119e+00
-6.311958030332182723e+00
-1.371524497450117863e+01
-1.218284657314549690e+01
-4.996337170555424478e+00
-1.289831654864588550e+01
3.162558253970905398e+00
-6.456019681983068637e+00
-2.862133312567110011e+00
-9.486195310987341145e+00
5.942500938174378966e+00
-7.208800057601404410e-01
5.248680771874235873e+00
-4.278291752046857743e-01
-7.773195602722948294e+00
-4.709695427560275149e+00
4.173904569786320629e+00
-6.271589237437319442e-01
2.715589590084324101e+00
-2.288934296417231451e+01
3.399419845570129439e+00
4.239465835840754870e+00
-1.530073104671674500e+01
-2.507407807533404309e+00
-4.093919267580954369e+00
-8.053664541162966373e+00
1.011130146684591002e+00
-5.591850202254720070e-01
7.902690355533950051e-01
8.720646683221598749e+00
6.794879545480151606e+00
-6.636158423256250494e+00
2.704029642949039136e+00
-1.210315435721743249e+01
-7.389040054454314443e+00
-1.300831738276660587e+01
-8.217497864165748567e+00
-3.204062345542149082e+00
-8.324195470890305870e+00
6.322160314504985834e+00
-1.692589870901762694e+01
-1.138186946104445596e+01
3.989946277212248482e+00
2.149307882337599729e+00
-1.283548511318197138e-01
-1.299920711396530670e+01
-3.864252708208666398e+00
-1.767779651971526089e+00
-6.049448911172395249e+00
5.758102827409461000e+00
-1.722427446962580433e+00
2.928484006416110397e+00
-1.851835879373225069e+01
-1.199403696143110931e+00
-1.229061147109578656e+01
7.586577813985043939e+00
3.366580899824477058e+00
-8.649140841043870154e+00
3.985928975537890828e+00
-9.033173121758366619e+00
-1.350279281726327163e+01
-1.264170270240417970e+01
-4.033675580198192723e-01
-6.566845457863935032e+00
-1.077969230164713244e+00
6.955422134257444711e+00
8.724908987343900080e-01
-5.435444476797178126e+00
-1.117304348476569054e+01
1.060909506942582903e+00
-1.037596211480042641e+01
-2.292886621207641085e+00
-6.677550139941897278e+00
3.547540031528648719e+00
-2.012245159597715549e+00
-4.432187742348689063e+00
-2.082020510371577515e+01
-1.021891252863599142e+01
-2.187304136648782205e-01
-2.247914248531221126e+00
-1.042166859423199377e+01
7.370604444858853022e+00
-8.655894691379108608e+00
-5.671550462870882825e+00
-2.395984693410393884e+00
6.025443489510342587e-01
-2.212532596521930017e+01
-9.324892165048622061e+00
-8.087610853625095686e+00
-1.946265088995803083e+01
4.589466973319662912e+00
-4.581677508594400372e+00
3.040453189181630655e+00
4.408705684877916475e+00
1.664892922583536938e+00
6.961337768147505933e+00
5.810754069736211669e+00
-2.303984886315525227e+00
-6.395413354252101890e+00
-5.549880754483226042e+00
-9.038750625559881513e+00
2.673339117133730625e+00
-1.287740483793784385e+01
-1.672372950498870736e+01
7.943969780458017826e-01
-4.483575835777315888e+00
-1.702911433056790713e+01
-3.583485233318172369e+00
6.297635391935409110e+00
8.523963480075718024e+00
-1.372637884769145700e+01
-5.177789523672527316e+00
7.590355493931565611e+00
-5.433770307488660301e+00
-4.164057402820565024e+00
-4.705885539192946609e+00
6.491268176084627584e+00
2.813271778250080679e+00
-1.748853290189332910e+01
-3.059966891555168544e+00
-1.477521123173815987e+01
-2.356498013952612425e+01
-7.766236252265379392e+00
-1.386733625974509465e+01
-1.173251867931476156e+01
-1.562694087355762207e+01
-1.695827907687324299e+01
-1.263750092090879029e+01
-3.462381648557914637e+00
4.432036110006642993e+00
-7.291302181409626826e+00
-1.103069818542022418e+01
9.162682352052704537e-01
-4.247912801091792367e+00
6.499088293807197658e+00
-1.919346335904682732e+01
4.628603267166338853e+00
-1.209314717824988605e+01
-7.747160262934461805e+00
-1.224577542160144805e+00
-9.690670366239714895e+00
3.188666133754667342e+00
-7.598191232384081673e+00
-6.755541582746716678e+00
4.702883187006163368e+00
-5.347360456330889633e+00
-4.619257543504637908e-01
-1.594927890114709967e+01
2.767477328539281523e+00
-6.177559022637659769e-01
1.915491472386565919e+00
5.920022041781978217e+00
-1.849071096680316018e+01
-1.710769059294016969e+01
-5.177782670213609606e+00
-1.855027165910767195e+01
-4.503602666945932143e+00
2.500250099573908535e+00
1.785005085501517152e+00
-1.426495510991199467e+01
5.986409939465167973e+00
4.325920088482836157e+00
-1.638440163303471309e+01
-1.745865045276713090e+01
8.943296010686789810e-01
5.876666857230304686e+00
-2.277199621350267833e+01
5.026137634822337219e+00
-1.526822765082062716e+00
-8.049736022821042170e+00
-5.628786061698958232e-01
1.316068184395302154e+00
-3.217372861230885839e+00
-8.459751373094759330e+00
-3.282484880750680678e-01
-1.021837142683666677e+01
4.145313608108288861e+00
-3.578111403984945760e+00
4.252945774348097174e+00
1.844837175456215617e+00
-1.105222349645892344e+01
4.137046385631800938e+00
-6.739776952711989289e+00
-4.448850704135715262e+00
4.966508299142348370e+00
9.263784208569109779e+00
2.398745308596111236e+00
-1.246819406171825229e+01
-8.401839171069790169e+00
-5.269423720592663507e+00
4.615483657264237927e+00
6.783204344406486008e-01
-9.487619290770204827e+00
-1.031796235942573503e+01
-1.316975571052186744e+01
-1.397741136888042357e+00
-7.445949869157892920e+00
-3.938458706486299477e+00
3.761942701536292510e+00
-1.704244916884524130e+01
-2.515457359047978514e+00
-7.486933158414577072e+00
6.351431938053054616e+00
-8.468256554134136138e+00
9.213876439255924922e+00
-9.451552402521132379e+00
-1.858395610022031619e+01
-1.372932853976693757e+01
5.281642168993274211e+00
-1.704390701941779085e+01
-9.913945150425442776e+00
-1.190574151240144296e+01
-1.829010491584296361e+01
-9.241323003812210501e+00
-1.534812167383787340e+00
-8.943897701505655107e+00
-1.350724303024798978e+01
-4.188601279545514977e+00
-1.418443245491771876e+01
5.614040240680957972e+00
-5.495494122919569513e+00
3.542868663805195162e+00
4.645038847897150269e+00
3.571536519141186083e+00
9.478213444858865078e-01
-9.685865487209310842e+00
-1.089560029427519261e+01
-1.677041991897244011e-01
-6.069745605383767284e+00
1.500986122212805585e+00
4.139646193711344679e+00
-1.085211270468829525e+01
-1.050955691764865385e+01
-3.034166078857480464e+00
2.428018205022869580e+00
-1.622842908385862870e+01
-1.266528929055640340e+01
-1.915099038530113518e+01
-1.096516188390384805e+01
-8.020789833006071845e+00
3.664331891694919463e+00
-1.432220075569790474e+01
1.045554737187432970e+01
-1.635517991632207568e+01
-1.486350292101633386e+01
3.134904330883660606e+00
-1.956745899614262818e+00
-6.769289011473190953e+00
-1.089743683109965389e+01
6.137296419824013860e+00
-7.269431822156441569e+00
-3.016491192323290882e+00
2.237443275613504312e+00
-1.017215257065456235e+01
-5.503975407351987315e+00
-1.471940435326960994e+01
-4.146433964833481589e+00
-1.244218742690477697e+01
-1.476725685751373973e+01
-1.330548495364555883e+00
-1.133005958014076597e+01
-1.853360233053385997e+01
8.191378645048253304e+00
8.045151852663840586e+00
3.151860401565881986e+00
4.060597347229494503e+00
3.470486994397359304e+00
-9.779630545059967872e+00
4.555321119784773387e+00
-6.536000912594609247e+00
-6.360459976279812189e+00
8.159594305107725987e+00
-1.211344750152795413e+01
-1.126441263572069573e+01
-9.103753357729974738e+00
-9.914919314294483144e+00
-2.043963567483775634e+01
-1.708267679242833070e+00
4.190931431086153403e+00
-1.758254780977799570e+01
-5.293384007006898706e+00
-1.888171117418318801e+01
-8.179806362527125785e+00
-4.783204608968119942e+00
-2.690976875301834603e+00
5.358252829866485101e+00
-1.548344315960425099e+01
3.720620996681272885e+00
-1.250329164709258478e+01
6.386077261497253410e+00
-3.931080168121551921e+00
-1.149308912748542255e+01
-6.911818146014382158e+00
5.192259314282854366e-01
-1.349791466511612015e+01
-1.615888032215397629e+01
-7.106789432582942823e+00
-1.021371493275257691e+01
-1.657103999685232765e+01
-1.115006815166548115e+01
4.459396849283672637e+00
2.410389031253915348e+00
-6.335594559977171691e+00
2.416482683198390546e+00
4.181444756768741833e-01
3.513825788513027959e+00
-1.172693433398378815e+01
-1.792066220566197998e+01
4.400639081440880673e+00
-1.188483425356442069e+01
5.300306516225924192e+00
-2.680513571862444877e+00
2.709894178091644790e+00
7.515595822823446959e+00
6.433719629050929090e-01
4.170808312244090210e+00
-1.373117302204094692e+01
-7.320474161293509141e+00
5.160195227189478651e+00
-9.546700112049688602e-01
6.024849246356901666e+00
-6.151863859102647325e+00
-9.576852634884975402e+00
4.358518024440414251e+00
-2.634411851646201441e+01
-1.194802404922791084e+01
2.784775159665858091e+00
2.277550689377866311e-01
-4.584989372424285392e+00
5.003729513485845715e+00
5.365511621692865774e+00
-7.010593390957941651e+00
-1.618487124627380425e+01
4.967218646145886041e+00
6.790186825052122011e+00
8.978891691490951121e-01
3.749963928148710712e-01
5.634330531669967890e+00
3.974378965554725696e+00
-4.145549197828508170e+00
-2.270284254781528333e+01
-1.298135729482091705e+01
-1.744384441625048465e+00
-9.797881666988290661e+00
-2.948383159153371125e+00
-1.469353947679042882e+01
-1.009597743245075918e+01
2.475075011113924361e+00
-3.532000534938349645e+00
-1.115349800237716948e+01
-1.237673413364387720e+01
-6.998871681654416754e+00
-1.184595566154072088e+01
-2.767387128643253313e-01
-9.165095791951115345e+00
-3.977919012189608416e+00
-2.537886431234406714e+00
2.360635730009560618e+00
-1.562043022893392674e+01
4.488797349113969659e+00
-7.699208972198694489e+00
-1.056293738702533247e+01
-7.202127904757858801e+00
4.878301193838139760e+00
4.819413536324732572e-01
-1.288951969776088546e+01
2.832376407006231389e+00
5.428241783594816461e+00
-2.185432281083024364e+01
1.481132859628566445e+00
-1.830305141717060380e+01
-2.022567361311121203e+01
-1.077347559426507573e+01
4.357353523971526421e+00
5.003548598218862331e+00
-9.879026633616270203e+00
1.040005080717586239e+01
-1.502623390821665739e-01
4.584365975917071623e+00
-1.256324964566251978e+01
-1.372698994158598218e+01
2.008470170155140622e+00
4.677794552488702351e+00
-3.806631369010848864e+00
-3.081369552512995824e-01
-1.675847542958275227e+01
-1.122276439725323449e+01
-1.371767442953781924e+01
-9.700676516234786106e+00
3.413343641905586701e+00
9.232600245319956045e+00
5.566800553321567868e+00
-1.672674786550754433e+01
-2.316651627413095937e+00
-1.972636875142816137e+01
-6.261302829984689566e+00
-6.237595334152419291e-01
-1.965318992947630150e+01
1.144415847520378726e+00
-7.384536721050684704e+00
-6.525682935058250145e+00
-3.428639835383507695e+00
-1.481472517832675173e+01
6.027223822652486795e+00
8.250283843712663767e+00
-1.933849473446905520e+01
4.544028583084929629e+00
-4.243881422140851178e+00
-1.021840524032485487e+00
-1.214500633378305139e+01
-8.956485650539947940e+00
-9.744986671906556097e+00
-1.394643876450024500e+01
-1.840714813685717033e+01
-1.275879200609168684e+01
-4.521734853823573097e+00
-9.984112080907452835e+00
-1.309201768176289349e+01
3.882944434542856538e-01
-2.479857928545041723e+00
1.426441348125129904e+00
-6.355023554431929789e+00
-9.805989330230401535e+00
-1.762123721366851470e+01
-1.263666212937711997e+01
2.756869829236128666e+00
6.263334449134370097e+00
-1.015868972511575130e+01
3.572411105108678431e+00
-3.384848865300387644e+00
-8.965970150397639671e-01
-3.485720151402659894e+00
5.664346328777259743e+00
-2.369829291646749070e+01
3.947613190851860576e+00
-1.324191890403857741e+01
-8.127073916310720847e+00
6.263163176744722449e+00
-2.237159206464361816e+01
2.517073377204677165e+00
-4.952110090554325161e+00
-1.547272211820229515e+01
-2.202020834370924440e+00
6.089813425499836619e+00
-2.180067351847490187e+01
-8.339212853376572809e+00
5.030520392220256376e+00
5.374851555172746487e+00
1.073430578150689207e+00
5.648440313351446029e+00
6.710405794338319296e+00
-5.659135951008068766e+00
6.354668237527250518e+00
-1.165346710378158690e+01
-4.050575642067724580e+00
-2.646657123885622909e+01
-5.003048543226690903e+00
5.854882241931226972e+00
4.492905867631701078e+00
4.742034546042730447e+00
-1.446849667872781531e+01
9.653454915836380934e+00
-1.781540956772261808e+01
-2.610328412686118682e+01
-4.248037698485159552e+00
-7.175268635301858211e+00
-2.457527546162049603e+00
5.380634816197988890e+00
-2.351979045087179898e+01
-1.243185925320926088e+00
-1.277936927394679323e+01
3.237518656097905900e+00
-6.321872512707134462e+00
-2.317552318048171855e+00
-5.523844448858989509e+00
-4.278589824392041052e+00
4.323699244652896567e+00
2.834557925603384376e+00
-1.305327296248428581e+00
1.563808499944263630e+00
-1.499080929700253328e+01
-6.665718025823769821e+00
-3.247146346186798205e+00
-5.672755577388775006e-01
-4.073184641081039281e+00
-1.242894745938856360e+01
-1.862882413960195294e+01
-6.018615631805195321e-01
-2.746222584197849415e+01
-1.129632847091318659e+01
-1.741414230413131037e+01
4.421899195964947182e+00
-9.700255848641205603e+00
9.164671015017466615e+00
8.263130947477462129e+00
-6.636747772674127077e+00
-6.608821926365134880e-01
-3.034462697906619599e+00
1.646995622437044116e+00
5.746739034789951184e+00
5.885858278813850042e+00
-1.044848056722766394e+01
-5.418482281550955015e+00
4.279571807961294105e+00
4.877206060242348373e-01
-1.225057087270799761e+00
3.502051559091875266e+00
-1.188251806088833540e+01
5.057995276953987762e+00
-4.756545106849653592e+00
-1.114670664619347029e+01
-1.539332537114906785e+01
-1.166918156475434643e+01
-3.184534473597349091e+00
-1.176147220514062575e+01
-1.610835943848293184e+01
7.338626906728475952e+00
-2.367893949378822427e+01
8.382440788336623427e+00
-4.209809615927516124e-01
4.722938261470810417e+00
4.202092535770859394e-01
-5.736566866293096645e+00
8.747417383954969594e+00
3.991122245068491114e+00
3.844035973225161218e+00
-1.384521752738025135e+01
9.335882360886703424e+00
6.945719505864461629e-01
6.645710688915604791e+00
1.452355549806694235e+00
-8.749152786200643517e-01
-7.738614738937324766e+00
-2.168403398574038121e+01
-8.512606074785022514e+00
-5.862280146680945769e+00
-1.234917093142025024e+01
-1.480907620779765743e+01
-5.353415650711712104e+00
7.766366540541839392e+00
-8.181514314053840664e+00
-4.107570212559113365e+00
-1.439089470743114951e+01
-1.065689685178141444e+00
-1.941731069801766552e+01
6.958828800047369256e+00
8.070773444726311752e+00
-1.298797770991791722e+01
4.578858691992572894e+00
-5.083251432321181928e-01
6.678643866932885587e+00
3.700839992070763973e+00
-1.195035294223017797e+00
5.878344978321222492e+00
1.666643316148828546e+00
-3.694548981246115749e-01
-1.356342718330227370e+01
5.786965713565006553e+00
-3.111574124773814010e+00
-1.734156971810600911e-01
-2.004704223013879982e+01
8.484137476926889576e+00
-9.095853992775474461e-01
-5.887434700514012631e-01
-1.514708677274994209e+01
-5.663780614285307990e+00
-6.654227163791095023e+00
6.706260651721198229e+00
-1.448798141089762659e+01
-6.632659761356956452e+00
7.455909815588008804e+00
4.164900566745964205e+00
-9.202801844708124790e+00
5.466569092741322855e+00
-7.115545172199385426e+00
-1.526522399115768636e+01
-1.991150498855740025e+01
4.929344238016711621e+00
9.019457545530404019e+00
1.807697770017028471e+00
-6.624488587033549258e+00
-8.490215965227015715e+00
-1.224973203708591463e+01
7.849718303063818459e-01
4.455860966544748614e+00
3.130543729239249284e+00
6.836031768594832414e+00
-1.860729661541573776e+01
-5.282920396901425342e+00
-5.502020988825117698e+00
-8.442227001163532307e+00
-1.997119099833745892e+01
-2.048887276814559399e+00
-4.853983010201026183e+00
-7.939354676278593814e+00
5.365437677138555905e+00
8.572995531490754217e+00
-4.986396175875917436e+00
6.593366826802102842e+00
-8.302700437019209900e+00
4.071854065398354372e+00
-9.978399663062484493e+00
7.701595054374521077e+00
-4.440267327445945433e+00
-2.254728500118908130e+01
4.840364353636227968e+00
-1.013290701919592074e+01
4.034020696399886141e+00
-4.161414206460852583e+00
1.143960110088401816e+00
1.756005352490386251e+00
3.022054073997079815e+00
-2.756602934230197199e+00
-5.006111565701033328e+00
-6.313250941328444554e+00
-2.041448512592753417e+01
-5.046231930417606648e+00
-3.843449027406665497e+00
-2.777362389247947760e+00
4.724083007273796042e+00
3.098905321934201318e+00
-2.265155193521676580e+01
-1.139019442649307123e+01
3.368790285008465002e+00
2.324273246196141951e+00
1.851530161193599699e+00
-1.877122641842976947e+01
-1.388900239443556783e-01
-1.447885199994463967e+01
-2.905155875000365651e+00
4.907235033169079941e+00
-1.003178997526336325e+01
-3.102760309197134969e+00
-1.659052144959072805e+01
8.864796248419414937e+00
-1.351291576610512557e+01
4.745210253208393070e+00
-1.709198835377429049e+01
-3.321795166080985684e+00
-1.419711138251876292e+01
1.306249718496761414e+00
-4.686478111623120668e+00
-7.151142836650992152e+00
3.510344804647601347e+00
-1.349019001519455863e+00
6.579777539109542772e+00
5.253687280154793804e+00
2.766161226757436253e+00
8.524249055471844194e-02
6.887249177902289077e+00
-8.952399280830535488e+00
8.290762461106183423e+00
-6.420826248036960671e+00
-1.511778135884221719e+01
1.316036550805035343e+00
-1.382826536769698400e+01
-1.155342210692826299e+01
-8.597687166907213907e+00
-3.672707081734959633e+00
-5.346972941669434043e+00
-1.243653854297133599e+01
-1.619846498283678216e+01
-1.574695192076395678e+01
2.008926904042279471e+00
-1.362174209985412965e+01
-1.064017375161960466e+01
-1.226760634754156776e+01
-6.433568931133750723e+00
1.658661751368865289e+00
-7.975247400962570232e+00
-3.116302295521125476e+00
-5.091274186116804934e+00
3.682300111376880292e+00
2.020285506180798052e+00
-1.309479599328446398e+01
6.628989008712839137e+00
-6.827277907405419732e+00
-6.482052152675255030e-02
-2.471222790490497800e+01
-7.865113847607940301e+00
-1.143926157542309952e+01
5.428262163502690640e+00
-9.565299410316665529e+00
9.288088811323946814e+00
3.475335326265533542e+00
2.643022406088941345e+00
-2.300633286439709835e+01
4.418866779465082217e+00
1.603467791179721935e+00
3.105623163305955003e+00
-1.579800241428054264e+01
4.353039799708582791e+00
5.806637154630755582e+00
-1.985682423392933771e+01
-2.974234685861755212e-01
-1.258554615795937792e+01
4.459132625100385106e+00
5.788843223431106466e+00
2.664046250245242220e+00
-8.969794474051830946e+00
-6.836866431325752558e+00
-1.672269970193833188e+01
-1.726312825328560763e+01
-2.184280011369762065e+01
-3.344878471343771142e+00
6.236709984367231563e+00
-1.912009475972421413e+01
-1.660564337207514995e+01
-3.911539367027058400e+00
-1.934067158131447428e+01
-1.594784420374535827e+01
-6.509642024963665508e-01
-5.728483330069377821e+00
-1.440041827722652990e+01
-2.858966350259382949e+00
6.551528653263494206e-02
-1.765235069488660713e+01
-7.072926817798024679e+00
-1.636342463238451117e+00
3.007408528287184302e-01
-9.576647610115825771e+00
-2.326684756481197880e+01
8.533473773164080844e-01
4.271970082107215738e+00
-4.457899223452037596e-01
3.940190139206004805e+00
1.446758010633855118e-01
-2.566131037000817017e+00
-5.168935777723148384e+00
-1.365437830105354422e+01
-1.433305896178331817e+00
-1.013667876297027171e+01
-3.525345655371220133e+00
7.630388894356006979e+00
-9.821358544835890214e+00
2.578668929094349416e+00
-1.075182435124801827e+00
-1.249614069989199017e+01
3.418695169715944449e+00
-9.230689087033844276e-01
5.478766826535466095e+00
-3.837922566796989621e+00
-1.219060754191035123e+01
1.389124589822075428e+00
6.743166009136061234e+00
5.103254049398440628e+00
7.437765607523689759e+00
-2.369030052475268988e+00
-6.038189262242161792e-01
-1.574194039394256173e+01
6.397814440273056569e+00
-8.078671099871588268e+00
2.917952843558456966e+00
9.010204812257873286e+00
-1.297984663644467496e+01
-9.518093327359200551e-02
-1.938089886192505773e+01
-3.956295811811674668e+00
5.278358046822476446e+00
8.360421636066487139e+00
-1.625876107972951345e+01
-1.399260846683389481e+01
2.589803779405951634e+00
-2.015104916165473270e+01
-5.716218610234982123e+00
-1.121377137020851933e+01
-9.104492784934292260e+00
-8.692830238600286918e+00
-6.761863072104469019e+00
1.654277278703790710e+00
-1.128360219869607661e+01
-1.838351502651912739e+01
-1.293958206477216955e+01
-1.665274100309691008e+01
-2.232806043445525646e+01
-1.332760025921635183e+01
3.115701815761195537e+00
-1.694320558941677390e+01
-5.085651604042063845e+00
9.889241979275828598e+00
-5.825954715559576336e+00
-3.920880860205341545e+00
8.547938973950096608e-01
-8.014180349607503473e+00
-9.815943481309110652e+00
-1.342506967600718859e+01
-4.393670039268983807e+00
-1.652590392285077669e+01
-8.722461781108044931e+00
-8.767394700754149284e+00
-1.119985558913987767e+01
-1.016640577306909599e+01
-7.487668702374564944e+00
-1.323142413240633175e+01
-1.020047388652950637e+01
6.904392173314652936e+00
2.002550940616420139e+00
2.604567763184675311e+00
-9.590778692155847551e+00
-1.270431934610298264e+01
-8.696734472701624696e+00
-2.884812454276970972e-01
-1.686040351001265236e+01
-5.198929984142043104e+00
-9.078680931233822804e+00
-7.528237609663235297e-02
2.940179277946564085e+00
4.617078930265533288e+00
-1.642778941742302834e+01
-4.625050278535004722e+00
-3.926765197303397681e+00
-1.355966384047749074e+01
-2.951336379432460966e+00
-9.152692434720998804e+00
8.362641113898778400e+00
-2.137215910749605996e+01
4.577099880969448975e+00
-7.532323108969728231e+00
-1.047109028798082875e+01
-2.447990687080172201e+00
-1.214582115604866352e+01
-1.588401398683850374e+01
-1.238623895649042161e+01
3.156598741964760535e+00
-3.581185764379756886e+00
-1.384287036679244309e+01
2.310786544423748978e+00
-1.913981461402322282e+01
-1.265882773737090439e+01
4.537232326293962004e+00
-1.316343763615993190e+01
8.531150687884043293e+00
-1.166115856335998835e+01
-6.440894967414700467e+00
-9.918278457054222841e+00
-2.662189841374413390e+00
-1.141209467436694425e+01
4.713705137932519662e+00
-1.106732740920631741e+01
1.543714625131550333e-01
-1.005392680658451887e+01
-7.217129519582321961e+00
4.717489489612575859e+00
-2.172849719282420722e+01
5.677139013992574812e-01
-1.666201042382261832e+01
-2.222303443264433298e+00
3.034080565080297553e+00
-1.299607615783888193e+01
2.957595121912722558e+00
4.649949786121543305e+00
-1.477109875561894370e+01
-1.753679760695842660e+01
-2.893980914811093097e+00
-8.533132811936139817e+00
3.274480596888522665e+00
-1.227109573866213665e+01
-1.336917436485400934e+01
3.004154913367473423e+00
-7.706228599693270453e+00
-1.059429838829238513e+01
-1.266025415888511851e+01
-7.185257382546263116e+00
4.961862008094344745e+00
-6.404223195460135187e+00
6.515681359473355805e+00
4.787987540538770403e+00
7.296709475856754779e+00
-9.450268823022817344e+00
5.364315530089597495e+00
-5.968727122285528708e+00
-6.079035678310431123e+00
5.473202448529416841e+00
-1.332777418067298925e+01
9.804874558719301803e+00
-8.472981539639285131e+00
-4.417069445251786242e+00
8.642710248626382707e+00
3.127419645827296701e+00
-7.256135215715100450e+00
-3.606880447800299816e+00
5.679738565657864946e+00
-2.765803608889393139e+00
2.479811657979456907e+00
-1.136599137329526066e+01
5.247323783986117540e+00
-1.630893324979739489e+01
9.270351863351329769e+00
5.914647654452696912e+00
2.023176248041268277e+00
-2.143161694149825180e+01
-8.479455333620238733e+00
-8.684742576864874053e+00
-1.022273802145494681e-01
-1.060033175515036596e+01
-2.098342058506160512e+00
-1.307781071262338379e+01
-2.216622815617820308e+01
2.031219190093206395e-01
5.659107455334208225e+00
-1.788498298559934696e+01
-6.969932698414983641e+00
6.438297596134094469e+00
-8.577063004691098058e+00
-7.659916322305790892e+00
-5.314062367910403317e+00
3.149398055453751510e+00
-1.299981578182396547e+01
-1.743841405394644894e+01
-4.816236103315068462e+00
-4.625234849112508151e+00
-9.047275112398072139e-01
-2.139605729272783563e+01
-7.522918077287664040e+00
7.424690013965881796e+00
1.179080611046775751e+00
-1.800370198317909676e+00
-9.410125034097843510e+00
-7.156739035589619213e+00
-8.856519485593171481e+00
3.404733641498280505e+00
-9.710373667695350264e+00
-6.168786966120308746e-01
-5.320899170325584793e-01
-5.064363006246892063e+00
1.187725010969062467e+00
-1.426427470802024189e+01
-6.156796961751775044e+00
6.456024047452570080e+00
4.461209120780913473e+00
-5.258044589144417635e+00
-5.419102217141834821e+00
7.220095311107985303e+00
-4.713450914443082063e+00
-4.394009337347180910e+00
5.828624626344239168e+00
-7.039020806685647447e-01
-1.616925772434678521e+01
3.884406110936932777e+00
3.848875682942662024e+00
-2.182505205274836513e+01
4.925859043826469552e+00
-1.489426259852890233e+01
8.429399309281997432e+00
-1.474003447039939907e+01
5.117376237502279324e+00
-1.053452955573788863e+01
-1.982148659660236234e+01
-1.569072774621881017e+01
-1.529774338953905755e+01
-1.378494202709712901e+01
-2.203038334345258775e+01
7.634548601973354387e+00
-1.609839852398894422e+01
-7.120293412216414985e+00
-2.273065590186049079e+01
-1.939088179496799924e+01
-1.107716638611019810e+01
-1.121011392294947395e+00
-9.179847505257290319e-01
5.137047470197283694e+00
-7.363707019412022881e+00
-1.970401017380865483e+01
-8.883889552527218569e+00
-3.005862644280115514e+00
3.429468921805563397e+00
-9.808707268851653893e+00
-1.312039988431160786e+01
6.450777843333460382e+00
6.279319674997194234e+00
-1.548131493237050904e+00
5.226288831741352503e+00
-1.069033072994766442e+01
3.445951826592291489e+00
-3.598338203761423770e+00
7.252705216659198761e+00
4.739179175563173807e+00
4.264899801894837417e+00
4.097229977731551287e+00
5.821108411898866741e+00
1.020403518129763931e+00
-6.409041483721149568e+00
-7.903133448380577519e+00
-1.374583640279220553e+01
-4.099615031863086401e+00
-9.416923732621080845e+00
-8.036924569969132293e+00
-1.070180115576763491e+01
-1.770956189860726226e+00
-1.308757738596677100e+00
-2.556956074597442896e+00
-1.889233564738957583e+01
4.750042357302604046e+00
-6.347467007635368752e+00
-3.035951650035151328e+00
-3.139945417149721862e+00
-2.749085177194463991e+00
-5.523420405410983669e+00
-3.533803359012616330e+00
-1.115362222046196372e+01
-1.650504692133969087e+01
-4.796837624132340494e+00
-1.974709875874554754e+01
-3.942758377751902632e+00
8.095827834412016033e-01
-9.243137432407880993e+00
-1.206287736568502034e+01
-6.330501238142253406e+00
-7.863291300293016040e-01
-1.682211816222594791e+01
-6.319463431138372389e-02
-6.868170331980076426e+00
8.967488449462871491e-01
2.330522586142750097e+00
-6.574871084235110352e+00
-9.312695888178225800e+00
-8.619627356973294852e+00
-9.883273799061523590e+00
-6.291919875032201404e+00
7.401175746357627538e+00
-1.753220375631240913e+01
-5.166018052239608416e+00
-1.679388418172581154e+01
-7.036495255332351206e+00
-1.278576647114317488e+01
-1.891891592849033543e+01
4.801804088671924653e+00
4.851604912704205574e+00
-5.668091385183102737e+00
-4.574637392987055406e+00
-1.363150580834663472e+01
7.617372785625868836e+00
3.747734789078737805e+00
-4.213868800296981298e+00
-3.161808863341685427e+00
-8.445373036985927229e+00
6.289203789002595357e-02
7.075587356854819099e+00
-8.067676249987231429e+00
-1.521611867992034028e+01
-1.364958280635278598e+01
-5.249672898726620573e-01
1.431559897185356256e+00
-9.527525628223392218e+00
-1.065404260481386522e+01
-1.403866659362590141e+00
-1.114128754808612509e+00
-9.856580909277782965e+00
6.073182126537788328e+00
1.742329200415711377e+00
4.338370789712683084e+00
3.381525271201535787e+00
2.535505019508242697e+00
-1.499834118963022966e+01
-3.878893679658773852e+00
-1.755060247342851198e+01
-9.370588926335450708e+00
3.503501699097669730e-01
-5.331410967463603434e+00
-7.375602792398805008e+00
-6.619405188510526727e+00
-1.805115281990072518e+01
3.151459533331105067e+00
-8.418603065000917596e+00
-1.328412000336207477e+01
-1.220082830574795807e+01
3.338719115330669673e+00
5.240113255619353261e+00
-3.844739075307415099e+00
-1.797568751183678160e+01
-1.531013796941460470e+01
4.045676988665213969e+00
3.971840835543569703e+00
-3.940846104375020253e+00
4.785516867415892106e-01
-9.550862713525379633e+00
-1.354342835778416188e+01
-2.133653584460124009e+01
-1.372510335420522232e+01
3.108423031839155470e+00
-1.302065574747104826e+01
-4.111057473459496237e+00
3.099597781332092516e+00
-1.144670276081392224e+01
-2.466896709561598655e+01
5.196834732624161290e+00
7.392878290710453548e+00
3.131765373811313147e+00
-7.997311036436356879e+00
-1.309762687586230534e+01
2.901933211382705657e+00
-2.331348361280096881e+01
3.008127042208446067e+00
4.647936454543179607e+00
-9.397305032134616098e+00
5.734127954541849093e+00
2.882961908364872539e+00
-9.141647820607464725e-01
4.515367469970844594e-01
-8.936866246879930031e+00
-8.623108731467780785e+00
-5.904867088781266204e+00
-5.700963446801426748e+00
-5.131108845529069207e+00
-8.996105566771719353e+00
-9.024341717896179560e+00
2.161077297202289582e+00
-8.235113591000882138e+00
-1.817158781543526658e+01
8.301751061621466476e+00
-6.676387683779747562e+00
-2.721620629834327953e+00
-2.030444648082133341e+01
-6.774071289148011488e+00
5.462805040200042761e+00
5.057127842119737871e+00
3.437555360798288717e+00
5.848194560148596288e+00
-2.038448341801316133e+01
-1.217482723820527113e+01
3.671122718951416175e+00
4.660534878277933224e+00
-9.930679344446085466e+00
3.503908240765581716e+00
-1.662655387407707508e+01
-1.535551349780034336e+01
4.458809622631465075e+00
-8.165480062344897760e+00
-6.484065718272542078e+00
5.223244046185279821e+00
2.873021252883911636e-03
-1.834834447878512975e+01
2.831738459790109186e+00
8.706293564793140760e+00
1.416876030634399264e+00
7.378345584006780200e+00
1.678428336069631932e+00
-1.378623100495531872e+01
1.494130132507056175e+00
-9.166047349199004657e+00
-5.018295159926081439e+00
-5.218491709949095281e+00
7.705907715916852085e-01
6.394941961388656004e+00
8.002849515320953344e+00
-7.918485297203226025e+00
3.846698446747749855e+00
8.436168824592627402e+00
-6.430529108289219309e+00
-1.030041135561629595e+01
3.086454244185008466e+00
5.438569920312180450e+00
-1.756595138233553044e+01
-1.268780494212468746e+00
-5.679756097188347397e+00
-2.167544515678473260e+01
2.610759029796713815e+00
-1.664345911652172205e+01
5.182959688339650484e+00
-1.980534154373793498e+01
-9.626759609345056035e+00
-7.414431456703911572e+00
-1.875061872931844320e+01
1.155759416155363706e+00
-3.622638623434330185e+00
-1.387201378997399814e+01
8.158667460717204278e+00
-1.055652042533971624e+01
-3.451896198363674895e+00
-8.161023617563319732e+00
4.446845702540047185e+00
-9.277037065742041122e+00
-5.989375898479215365e+00
-1.431344696293243146e+01
-4.738656119541609257e+00
-1.430148975433833769e+01
-2.649759551458128470e+00
6.235809938481328807e+00
-1.205586142806078342e+01
-5.098263136631316250e+00
4.509847655556151302e+00
-1.516355969952604710e+01
4.766687700681554674e+00
7.871478898695999371e-01
-1.389354280420773868e+01
6.601080009347386479e+00
-2.441573190352172684e+00
-1.821608513948831032e+01
-1.732440637067220024e+01
1.757710897312796838e+00
-7.675281230512500663e+00
4.868373546757991832e+00
-6.691722449574756482e+00
-8.994336543418057772e+00
3.964437226755393340e+00
2.168233155309562399e-03
4.787660171531185505e+00
-1.598846711651833097e+01
-5.272251241292345014e+00
-7.090916874660217140e+00
-8.026785695999141268e+00
-1.538551552322811133e+01
-2.046160933202268595e+01
-5.460251931195605479e-01
-1.815177256350926527e+01
5.685953261917786605e+00
-1.661695772836245766e+01
-6.653316334752954475e+00
-8.206913762003335222e+00
-1.454779525186912004e+01
-7.183124684341524180e+00
-4.968379143243493168e+00
5.595824445066194919e+00
-1.165267799554582595e+01
5.837456526306834093e+00
-1.737071408774987447e+01
7.095048413590102854e+00
-1.798043366385898789e+00
6.703703962181085885e+00
-7.476731604084974059e+00
8.759588988848688862e-01
-1.266679838284760073e+01
-2.485434210018846013e+00
2.615119796038392952e+00
-9.199466249577790578e+00
1.042635762833990398e+01
-2.063832618220722992e+01
-1.470950723737756682e+01
-4.540312251959102596e+00
3.690150476255731782e+00
-1.095069670638522652e+01
-9.365088604732800803e+00
-7.785507473779367693e+00
6.158630064854330177e-01
9.068864973294791909e+00
6.835567970635548996e+00
-2.734225149659090803e+00
5.794281148301106299e+00
-9.218305312964337972e+00
-1.853816225193344280e+01
4.866651451413723350e+00
-3.682265770731039112e+00
-5.879349347696494199e+00
4.076336809689703244e+00
-5.238236048914548526e+00
-5.164692386261060086e+00
4.120444446723565690e+00
-3.455206712873605479e+00
2.437024777586479285e+00
6.182212077910000936e+00
-1.685081782897885105e+01
-1.741595203570590655e+01
-1.827510032956667985e+01
3.236079422764916114e+00
-1.059033644304134469e+01
4.706193294351502132e+00
-1.592965096562364380e+01
4.192007747160175768e+00
-7.797539418660250909e-01
-6.113421965537278346e+00
6.444598757722029836e-01
3.345866516475873187e+00
-9.952089235618219121e+00
-9.014550221090688709e+00
3.590339884160830941e+00
-6.433280541151984444e+00
3.004517324008241008e+00
-1.053918087887665855e+01
3.805260233866206931e+00
-1.460031402552933777e+01
3.498002816626377687e+00
5.597809954976572300e+00
-1.917897297436969239e+01
-1.453381467751362699e+01
-9.744293418743978918e+00
-3.836743330076082259e-01
5.240270880964468247e+00
-1.690622518006295039e+01
3.498417615561105976e+00
5.862191686168181093e+00
5.253812046328095064e+00
7.737773093582538841e+00
4.987233285769954172e+00
7.000926019077512663e+00
6.544878427246726638e+00
-6.224960020240374980e+00
-8.248135059993735752e+00
3.815082103265296176e+00
-8.598381631534078196e+00
-1.459261053500941330e+01
9.560742168228438809e-01
-7.114809988283099074e+00
-2.074082946622040069e+01
5.909814979496820220e-01
2.706583094560937042e+00
-3.164840318685027132e+00
-3.512815451068881156e+00
1.648216938832254730e+00
-6.656786537749540322e+00
-3.447248845378077520e-01
1.196745665756421850e+01
3.108909431991320638e+00
-4.302977766187064290e+00
6.339750199146948262e+00
3.440781675880134394e+00
-9.824229052966694908e+00
-9.969222103292663562e+00
2.991772733546789631e+00
-6.095703892012636516e+00
-9.467024449783570716e+00
-1.072097935467805918e+01
-9.155738898316275964e+00
-1.241849648029198860e+01
-2.464430486120246755e+01
-5.109006900612116375e+00
8.111897720939275302e+00
9.395456757770441314e+00
4.350632416208126685e+00
2.754558497714708842e+00
-3.402749792706664334e+00
-9.879016344695360274e+00
2.535240379542017752e+00
-2.006866509780498831e+01
-7.702948835030622998e-01
-1.607554802791161919e+01
4.913349113113686606e+00
-2.180251340621459022e+01
-1.243709351988503187e+00
-9.836673060141377434e+00
-1.588983063386882932e+01
2.770638133125626457e+00
-1.201028148609140622e+01
-2.562851957626693378e-01
2.482658766239459691e+00
7.763484935403421439e+00
4.747298219003029729e+00
-1.524740306214171603e+01
-1.020288191965078184e+01
-1.067851448044600637e+01
-5.687687855015989058e+00
-2.709442950453126109e+00
-3.936946604260542770e+00
-1.703050080108469189e+01
5.397866135707359625e+00
-2.052654562684359529e+00
-1.578305564627338953e+01
-1.687504253087321970e+01
-1.431483870372458611e+01
-1.103106010459028141e+01
-1.070137205731394126e+01
-8.908621803319796584e+00
1.408478766599742027e+00
6.717988853932452820e+00
-1.422097432576572018e+01
-3.510664329091100822e+00
-1.253218724228166359e+01
-1.021258139824008460e+01
-7.919642324355396390e+00
