5.856317707759471247e+00
-5.989218143187014398e+00
-1.757576310198023517e+00
-6.597590046141819542e+00
9.029053660940370207e+00
-1.655060388541543581e+00
8.478835393671284582e-01
-1.961847456215128460e+00
-2.841679162672102077e+00
-4.816671716372587397e+00
-6.279940261986603822e+00
-5.580410297014237742e+00
-3.711190164131338953e+00
2.618162480971604200e-01
-1.233141749908399198e+00
-3.550994928978876253e+00
-3.630195857116627067e-01
-5.219234174302903817e+00
5.494938449985071749e+00
-3.850330491962050239e+00
1.483207645068489677e+00
-1.076096516247826074e+01
3.395861738182569312e+00
3.014593881166416800e+00
-8.084652158270001499e-01
-2.191530939618836271e+00
1.584224872791653471e+00
-8.712756112213698501e+00
-4.962806148327517874e+00
-2.669256250317515899e+00
-4.194654595598220403e+00
-4.629697954631460277e+00
5.084658964121813618e+00
-3.806380425207713358e+00
-5.217143679895143826e+00
-3.284161577209272931e+00
-3.826310166095199250e+00
-8.515109782659600057e+00
5.075114542597383149e+00
8.541893432017621635e+00
-2.484375079708256884e+00
3.515386839904488081e+00
2.226544249390970398e-01
2.997674423095993745e+00
-3.783190275091601329e+00
4.040705913652408166e-01
7.306023502345649234e+00
-1.464578781481943537e+00
-2.065239707036611527e+00
3.759151904357753260e+00
-4.000063869585687826e+00
-2.378881012688584651e+00
-4.322599441570030843e-01
3.497761150675367858e+00
3.499119170346717489e+00
2.506609144659040833e+00
-7.965687989015334258e-01
1.087966858130107184e+00
1.674809823088998062e+00
-9.114940542867476125e+00
-5.143680160659805933e-01
-6.468477209000797146e+00
-7.288109914799033584e-01
5.126163237879220347e+00
-3.668144679533177133e+00
-1.263125100253105426e+00
1.934291537849906817e+00
-6.161142549029315241e+00
-7.832953466659714259e+00
-3.514618563839153609e+00
-8.015032796032331319e+00
-6.133907335116115078e+00
-3.554134317901694651e+00
-6.427137298426696788e+00
-3.094041244696701387e+00
-3.542173075090764733e+00
-6.584728468756774200e-01
6.934459541651766479e+00
3.225562459668704474e+00
-8.713809657059913505e+00
2.806607995323037841e+00
-1.584440922719084544e+00
-3.520770409737466800e+00
-9.610009100431110340e+00
-5.425520778909456610e+00
-7.685113513011391895e+00
4.794600571656004284e+00
5.356198681554488417e+00
-6.521760155338041542e+00
-3.970531752731245589e+00
3.667749697930770214e+00
-4.721054902577255241e+00
-7.601305656661138777e+00
7.474495251140590213e+00
-4.717796214847908232e+00
6.120291521481432184e+00
-7.294489780578683025e+00
-2.162081718248799689e+00
-1.405059129318008804e+00
-3.606701593296896213e+00
2.768299136106156411e+00
-6.873167727988648501e+00
-3.291323365410280033e+00
5.430068514602785612e+00
5.344022216741412201e+00
-1.864983640834589806e+01
3.429522873469754263e+00
7.406725552897380771e-01
-4.614454694873714402e+00
-8.541411790303209628e+00
-6.617269812382216898e+00
-5.876482663206648027e+00
-7.995670297486399569e+00
6.389959572082775985e+00
2.302347870023627951e+00
-1.152646618692335423e+00
5.660674933413600840e-02
-6.123945722242001288e+00
1.390777069115264108e+00
2.004570052911887501e+00
-7.844653777982292020e+00
-3.125137966234341480e+00
6.268568309952975426e+00
-3.492958091989334379e-01
4.479966122523951100e+00
-6.829827354331417411e+00
-1.643635174199951532e+00
-4.228732331840570069e+00
1.225988763902525758e+00
4.706980747439143964e-01
-1.009072388508446672e+01
3.297022580046246709e+00
-1.077085823643867002e+01
-4.441337150431746039e+00
-5.948778830861490619e+00
-9.255274617846868779e+00
-9.929284764608910407e+00
-9.025914650375542081e+00
-2.382898399883433882e+00
-1.058864364816819670e+00
-2.524891680851406139e+00
3.669314225048804889e+00
-3.702722588136871273e+00
7.092828350031687989e+00
-8.215642675483371349e+00
-4.829739589639901354e+00
-4.981471913477750313e+00
-6.716680664803573286e+00
-7.603763484332938027e+00
-6.331013036325801480e+00
-4.697779288153987487e+00
-6.968834546793615248e-01
3.879985624063536864e+00
-3.983333717308483735e+00
5.779117167878859540e+00
1.887163928497324061e+00
4.511100483221211377e+00
3.888856476504123805e+00
1.587813461190618725e+00
-1.552948508255429338e+01
-4.381227193405013765e+00
-3.875416259728296176e+00
-6.393886089073332002e+00
-7.970007872357901313e+00
3.118657540509938819e+00
-2.825191086145432795e+00
-5.884663917351686813e+00
-5.961531907847256839e+00
-3.435276715037062445e+00
-4.487054300616884817e+00
-4.176558057648895428e+00
-7.706154484199846388e-01
-8.557702055800394447e+00
4.267376509582875066e+00
-7.915980401539745692e+00
2.282374635730411327e+00
-1.362366119363352546e+01
3.761997213509907567e+00
4.823802492926175134e+00
2.120590829971002567e+00
-5.454124614469436416e+00
-2.619507567545246829e+00
-3.600221641837211273e+00
-4.309325419165388027e+00
6.262324292941338300e+00
-2.704744907086760186e+00
-2.415448027832500344e+00
-1.730187260648178516e+00
-1.624369659884875716e+01
-3.010843933134097039e+00
-4.429042795346767036e+00
3.954575024966326069e+00
2.987333593679505572e+00
8.831965891895988463e+00
3.327909365843932932e+00
1.305734550341031364e+00
-2.213148970076722843e+00
-6.650189663585745592e+00
7.510735202080674355e+00
-6.226063912722466398e+00
-8.135482167037574541e+00
4.322834608009550550e+00
-2.321090602761386901e+00
2.287841631588808600e+00
-5.966901682432858678e+00
1.376353385085010927e+00
6.146216727585287032e+00
-4.494167123633221017e+00
2.847898487138905033e+00
-3.516321360037678367e+00
-1.595434973555773794e+00
2.026091748420606908e+00
6.733921437316506164e+00
-7.656502194410986784e-01
5.329317809168996334e-01
-3.884843099385618892e+00
-4.755432750268266950e+00
9.712881576030085728e-01
-3.906295548549933550e+00
-5.383772484132210323e+00
2.426881401600019306e+00
3.938628057613262179e+00
-8.508157820709048025e+00
2.593922771221948143e+00
-4.123948353446011517e+00
-2.382898767533249806e+00
-5.590830955413951919e+00
-7.740727921096550723e+00
-6.626873117800903934e+00
1.833179431719001773e+00
-1.035362945681677971e+00
-4.655898854728287795e+00
-2.142562366873427937e+00
-4.123168475717203130e+00
5.283841225687692322e+00
1.264861858557495999e+00
-8.847756987031607068e+00
3.624778411691804703e-01
3.564429460814778405e+00
-5.863114715572526947e+00
-6.497333532393885669e+00
1.284647786537570280e+00
-2.891008913010704617e+00
-6.489694116846610683e+00
2.840805157566796968e+00
-5.265758023389739861e+00
-7.439161773564650026e+00
-6.340080702417809633e+00
-1.640434741660695472e+00
2.677276443220810265e+00
-1.449095634428933721e+01
6.194544552629134948e+00
2.352848850831746663e+00
-3.568600311882530463e+00
1.225902337486787008e+00
-7.751474390401596359e+00
-4.300229429590484820e+00
-7.853818611254914650e+00
-4.621070845787351722e+00
-2.923459240258554637e+00
-2.585394570510169299e+00
-8.267923674999678951e+00
-5.642114209847964190e+00
4.851030569615272015e+00
-3.716139107141855469e+00
2.085410387027226253e+00
5.729990760117439130e+00
-4.191078008242372199e+00
-3.612386035521503835e+00
-6.166006700484218506e+00
-3.011954186920144938e+00
7.816501331684021281e+00
-9.932430315373000917e-01
3.453939567060140714e+00
1.393140402430575575e+00
2.528158634887768486e+00
-6.166296838119793122e+00
7.573023623852444430e+00
-4.814234464489965504e+00
-6.386967709339426591e+00
3.361867711533453651e+00
-6.541502350149886347e+00
-5.814632150747093498e+00
4.499947079456846355e-01
2.669404744422231968e+00
-2.880595585584234453e+00
-8.131819177966669088e+00
-6.309925997393372121e+00
-4.695427762497021540e+00
6.250210316031923341e+00
4.225976461068479573e+00
-2.153301557110605557e+00
-4.407000239623865667e+00
-1.845429097681561004e+01
-7.922664963209226308e+00
-4.370799643641871235e+00
-5.558699736698944349e+00
-4.385826933486164592e+00
-7.641113195367267297e-01
-8.475805582746156475e+00
-4.597483138812673564e-01
-5.211433928723116615e+00
-3.357601411655880774e+00
-3.776042594501733518e+00
-3.416536926284674536e+00
-5.759377607093856710e+00
-3.646876676660486538e+00
-2.125256915835159743e-01
2.190043094130198043e+00
3.288632331674831377e+00
4.200469703020115020e+00
-6.595694437253211140e-01
4.931851236977434993e+00
-2.013904595414925947e+00
-1.236119479099471619e+00
2.737258680823732693e+00
2.913910852352268321e+00
-3.690260842260778773e+00
-5.526053898408632925e+00
3.441446425249291341e+00
-4.647070878195354915e+00
-9.347935106316295872e+00
-2.709569223688909290e+00
1.296262992132190206e+00
2.450597865415652166e+00
-5.589223752762468855e+00
2.542430470496116257e+00
-1.289568100800642103e+00
-3.932609424899366601e+00
-8.606132505964943391e+00
-2.910929399423717978e+00
-7.090269110576066680e+00
-3.362755994339638566e+00
1.426725506518344622e+00
-7.131250952093100004e+00
-1.020029552992002486e+01
9.937204788383650067e-01
-5.418698252987861785e+00
-4.698830293547799464e+00
-5.889981934653989448e+00
-6.657000421906019483e+00
-2.945689438540543215e+00
-5.606031148107357254e+00
-5.769818336822242877e+00
-5.044836066591918744e+00
2.362036200625701188e+00
4.254458941172375219e+00
-7.846528398129476223e+00
-3.083649887598171713e+00
-4.119660496491971635e+00
-1.031320900437213339e+01
6.480316296648749308e+00
-2.871563983076511839e+00
3.466900072368295671e+00
-8.032003761655968077e+00
-6.602533229430162187e+00
-4.676733374703004875e-01
-4.162333196246504663e+00
-5.361747452424366678e+00
-8.398915633490354082e+00
2.309085214868400460e-02
3.385959002422670228e+00
-7.637221645595333008e+00
5.681501109322011800e+00
-6.484520130321782538e+00
3.625121234078379828e+00
-8.570773158431675753e+00
-9.004001741086469224e+00
2.990287650446577405e+00
-9.814943128050208188e+00
-7.219660676558635082e+00
-5.067155456426799987e+00
-2.547417476765720945e-01
-6.619808248371009674e-01
4.615868945578979421e+00
-6.930277077173935929e+00
-1.850554150167959211e+00
1.716175324694287241e+00
-7.725492679045550481e+00
-7.997433864967063322e+00
-3.888789803224375063e+00
4.999981496279652937e+00
-4.520560018587646667e+00
-5.719745647952301226e+00
-6.098447047521770692e+00
-5.736410429102598130e+00
2.000990235944224871e+00
-2.020675696892606510e+00
2.458567343582626741e+00
-5.256175036091770281e+00
-1.472397399090333181e+00
-4.275596146728925184e+00
6.840143059366403655e+00
-2.677388387230774658e+00
2.070844231363929477e+00
2.446640413344175258e+00
4.026050709575556219e+00
-7.527389469988686521e+00
2.932183592332744393e+00
2.895138714016965320e+00
6.512920346399946325e+00
-4.248654429808403243e+00
-2.084769229780395250e+00
5.590036270191942158e+00
6.624048701047262178e+00
-5.934960730820220576e+00
-6.160112395631919036e+00
1.821197180936839466e+00
-5.121606717147673571e+00
5.427433728019124715e+00
-2.912416094266477629e+00
6.950123314590195278e+00
-1.947390759274019167e-01
-5.639189081165846495e+00
-3.055400913292829035e+00
-5.681066230216382351e+00
-4.964837993690380813e+00
-5.120066164603960246e+00
-4.703219121296151606e+00
6.840387356792231088e+00
2.312251880130474113e+00
7.206026329286395748e-01
-3.820213285735667874e+00
-4.038222239405326874e-01
-5.254258797858128993e+00
5.591604761288791359e+00
-4.947795662384896431e+00
-4.389520665919343756e+00
5.812054461455942622e+00
-2.773729049643509637e+00
-5.591536715481113973e+00
-3.507372096007902229e+00
1.235217060578167825e+00
-3.649240987592651253e-01
-3.071940055850920892e+00
-4.671026930539464495e+00
-6.680467830204236179e+00
-4.824648121250413091e+00
-1.431602471385116537e+00
-3.692878003188242886e+00
-3.209906641507477065e+00
-4.926018154927762183e+00
1.597675734797983971e+00
-5.386303878756556474e-01
-6.682749681267933006e+00
-6.917188824865069918e+00
4.987270313931951193e+00
-1.004558487966992963e+01
-5.496847861641367849e+00
-1.145139355062237385e+01
-6.294766212853103227e+00
1.088610948867848016e+01
-7.779353758286242204e+00
-2.035294866261855518e+00
2.962477322703098714e+00
1.238782527288103230e+00
9.888677961856362497e-01
4.102873685973126072e+00
-7.551686977854902061e+00
3.892358272092026894e-01
-4.832165910592538083e+00
-3.720260428638827221e+00
-1.152021203314481035e+01
3.127705307712187022e+00
-3.770651686862285246e+00
-1.149348721745887980e+00
1.624423072134248969e+00
3.883227095512717053e+00
-2.611419917286926573e+00
7.487979195865854365e+00
-8.018390266383562448e+00
-5.176973930200094998e+00
-9.481710348859884618e+00
-7.842236581421249575e+00
-6.092103317845975141e+00
5.171069783225539673e+00
-4.116213703786439027e+00
-6.482403705665240601e+00
-3.286681772237320498e+00
4.501248204954041654e+00
6.119436618832475361e+00
8.926562030206470766e-01
-2.097317802392723696e+00
-8.042629870991714114e+00
5.102822864665886859e-01
-6.317778568639354830e+00
-4.086960400048050168e+00
2.220851562483170838e+00
-4.229745099821942134e+00
-3.955895057245045976e+00
-4.963313330213860119e+00
-3.425518680813871786e+00
-1.119380388656425085e+00
2.016258214560105344e+00
-4.816614492955715754e+00
-3.951106257892269547e-01
-4.629250828577751165e-01
-3.992318076236125890e+00
3.591398075056865480e+00
-6.943593389891950629e+00
-2.152613617986306682e+00
-8.541893054427585952e+00
7.625651156975383760e-01
-8.967442983965199232e+00
8.981759453338700183e-02
-1.176819720297231342e+01
-1.323339339629646005e+01
-1.558794491763384027e+00
-2.787776934689562225e+00
8.281080278911815418e-01
-5.835289056431773425e+00
-3.321153835532477228e+00
8.459330566358088888e+00
6.349780902143560724e+00
-9.802233541473459155e+00
2.110459577605573678e+00
2.709231672007785363e+00
-4.689982513931666652e+00
-8.843673911668936682e+00
-4.386927560418301120e+00
-5.223742887621920516e+00
-5.060058980131628026e+00
-6.466244542301791576e+00
-4.669749086004171268e+00
-7.299000209207521017e+00
-5.727975060938729435e+00
4.475763891819178220e+00
-8.421625281667171947e+00
9.183898771902390124e-01
-4.620633420142969960e+00
2.643148130418390807e+00
-2.047456621779752073e+00
-3.616881064219716002e+00
-5.688633560773737052e+00
-4.106618175233876400e+00
1.655650239714986149e+00
-3.762371690644732425e+00
-8.611747791904548421e+00
-5.243075488437174414e+00
-7.126204617888880044e+00
-4.116546464200773414e+00
5.124992567109638131e+00
-4.606637588052932664e+00
3.969163462437022005e+00
3.073616983650781176e+00
-4.527424964246636208e+00
-5.840835824271796817e+00
-3.481248550410222187e+00
-7.805464379978931611e+00
-9.852595519511471167e+00
2.998685103788032880e+00
-1.016357329935470588e+01
-2.833147015967573346e+00
-3.426600650571511419e+00
3.214433729298711295e+00
-7.994977719392740489e+00
-5.493129522709812917e+00
3.510113562200729564e+00
-4.137386724144981542e+00
-3.561789391542508731e+00
-7.924586873556630273e+00
9.960547743701801959e-01
-2.052037815257991671e+00
2.905440732383209657e+00
-6.236517876349076062e+00
7.990015828635333328e+00
8.203579166287330304e-01
-8.219420855204234044e+00
6.689514051701280550e+00
-1.655600248654015560e-01
-4.146632695771810262e+00
-4.770891084352092193e+00
2.225155303747478719e+00
-4.347785098153424066e+00
1.417808941553710955e-01
-4.883776810334460095e+00
-3.217380506457478528e+00
-1.758333121182799719e+00
4.005389106171380220e+00
-1.781244538626840068e+00
2.452935011228805529e+00
6.955469740861335293e-01
-8.152669695892232227e+00
-7.370235578681707089e+00
6.746987881336618642e+00
-5.049006041405330159e+00
3.754991222229669745e+00
4.887079049676334996e+00
5.239052856466551944e+00
-2.158422546001319553e-01
-4.114119351691465809e+00
-2.853292689620052780e+00
-3.187741929561332288e+00
-3.787324608210616894e+00
-3.292658016936824694e+00
1.684349705810227027e+00
-4.088926802840296304e+00
5.222043173339400823e+00
-1.639282808399501246e+00
1.859620785873246640e-01
-2.504956332625237092e+00
-1.194276694206509504e+01
-5.705616552327152036e+00
-9.017513610364209509e-01
3.626932210301125004e+00
-1.816030736882895180e+00
-5.131411625628777173e+00
-2.874461866409527389e+00
2.389949607294775680e-01
4.428608197465267793e+00
-1.803780746868910967e+01
8.465172118722725791e-01
-3.876485109940926321e+00
4.636635125817977432e+00
4.091043331096587465e+00
-7.961488866539645493e+00
8.344864164864269185e+00
-7.659113822730041043e+00
2.273027286063078023e+00
4.620871424232919189e+00
-5.227240245273326202e+00
-2.707968842312398206e+00
5.425088218558063780e+00
-2.194473630397562047e+00
-5.436503913985338166e+00
-3.491969084200353457e+00
4.293674919529145484e+00
7.684137502804569309e+00
-5.373824685460693473e+00
-4.229114289347489120e+00
-1.438865005562402155e+00
-1.063055176316733608e+01
-4.343836039888048006e+00
-4.486851882738243980e+00
-3.123972226225968818e+00
-1.378612682439248971e+01
4.783451313176898978e+00
-3.639927908283726588e+00
-6.941541249123673651e+00
-4.751473512681479328e+00
-3.951579401717240536e+00
-5.855494652228145469e+00
5.213582729696278228e+00
2.916870800439996803e+00
-7.347396343789717399e+00
2.273785672635666444e+00
-4.896337801052219163e+00
6.033074856905819239e+00
5.528153372693333623e+00
-5.847390653669610749e+00
-7.365917501196691752e+00
-2.994369801051669722e+00
-3.106354319116569229e+00
-9.637035506115022798e+00
-6.896361011532698093e+00
4.405446265471857359e-01
-8.987600541954062550e+00
4.207555422014965352e+00
-8.677534832806053089e+00
1.451519475476941601e+00
-4.494544574376631019e+00
2.875815675613729638e+00
2.451302788748452421e+00
2.863395534056242475e+00
2.174551448272544207e-01
-5.379342682990258417e+00
-5.546631446620382100e+00
1.970105090038542395e+00
-3.405297166400052866e+00
4.740950199448460189e+00
-8.213094755947746961e+00
-5.655772932078297899e+00
3.539755679005034850e+00
-4.732044066907754143e+00
5.243265443535810810e+00
-2.505940334403311986e+00
3.743199420652080889e+00
4.346158315924934512e-01
6.357698840088167991e+00
-1.450334531259515103e+01
7.726650452672984670e+00
-3.559292933007614401e+00
5.930765399963732420e+00
5.087645550029650243e-01
3.767708250243593238e+00
-5.514037972555422940e+00
-3.114161884274746495e+00
-5.075005114021813313e+00
-6.257268614517821348e+00
-5.599729528822305902e+00
-2.970542833123876569e+00
-8.588375620390575449e+00
-6.482537177863600952e+00
-4.556141731013853224e+00
-5.963375515882751721e+00
5.044458278328045608e+00
4.063327473540100598e+00
-6.816165797480406852e+00
-1.092379722145188481e+01
1.382886678474387399e+00
-3.152172881147337513e+00
4.808370385773702793e+00
2.671179007357382229e+00
2.846586210007177264e+00
3.581324995341552242e+00
-5.752558459583616113e+00
-4.930761182816580934e+00
-3.518833277287286343e+00
-7.434944160327641161e-01
-7.334107234218397942e+00
-3.534881233330094297e+00
-5.955578560583610681e+00
5.845315748099253028e+00
-6.655049034217998205e+00
-4.979668972562081741e+00
-2.105409749332436409e-01
-7.053366873127258074e-01
-2.465307675222610850e+00
2.203188671872890581e+00
-4.964617596567162394e+00
2.447020106286434959e+00
1.968779179934716073e+00
-8.308309385296258398e+00
7.806917972217345181e+00
4.320281774362394245e+00
-8.922524920068859444e+00
-2.913702712555219509e+00
-3.322710389532929742e+00
3.431976080016962971e+00
-8.779930561420759005e+00
-4.669746781502928989e+00
-3.852803481943833042e+00
-4.777842379362746250e+00
-4.916487601167564669e+00
-8.911583933580173866e-01
2.345758027879771390e+00
-8.155408093894127575e+00
2.599650748194513472e+00
-1.700025920021750903e+00
-1.281548914956406193e+01
-5.352831243077798895e+00
-2.003326445691161695e+00
4.603950866685493359e+00
-1.068121136208321076e+01
-6.441394206244757115e+00
-6.337512062885066300e+00
7.488419573756300851e-01
-6.024186256445284826e+00
-5.827669517632022789e+00
4.254538119631105175e+00
8.517194543645750571e+00
-6.941610496386880769e-01
1.876579489414994750e+00
-1.282232759636225072e+00
-9.648648191276766539e+00
-3.208322204114037124e+00
-3.221456233170342021e+00
-4.405711318501842833e+00
-3.000630261343466998e+00
-1.393544661636388016e+00
-2.822239082769326668e+00
-3.576652508795543639e+00
2.629096984305685059e+00
-3.039451507332878499e+00
-3.420932667746628741e+00
-4.389501823790134871e+00
5.950339392702539421e+00
6.000607939178781436e+00
-3.469538988289730064e+00
2.540000757945746646e+00
3.101318057313345644e+00
-6.780410859506345034e+00
-4.386301502796462692e+00
5.033500625732910905e+00
5.780979646140839812e+00
4.552863030489843865e+00
2.203398998162650724e+00
1.531161966960141507e+00
-1.059454795784614234e+01
-1.146884187450598169e+00
2.531863337653018409e+00
-1.682509277992763952e+00
2.779838803755776855e+00
2.392170808563033546e+00
-7.752451139528154123e+00
-7.759712995238881028e+00
3.335650140364871508e+00
-6.184442548149926999e+00
-5.722209660995208225e+00
4.797157487412129662e+00
-6.039753002955832173e+00
5.623399835818622350e+00
1.842160415359794134e+00
-5.741761692937744854e+00
-3.807424852296679596e+00
-5.868248859039154830e+00
4.011191428450290530e+00
7.142130100622126498e+00
-4.750547151239388199e+00
-3.531148146348319194e+00
-3.556852172434092019e+00
-7.609743589215842707e-01
-4.382380943098073800e+00
5.424901970280649799e+00
-1.079203097989923421e+01
-4.910515968258350128e+00
6.504457672419346359e+00
-4.869454086130549975e+00
5.997945414136879094e+00
3.375944802338342043e+00
9.689807877080606202e-01
-2.172447833031784903e+00
4.142681216173764724e+00
-8.626991840383961829e+00
-3.786703525949015159e+00
-6.587271964090970933e+00
3.598608538987885019e+00
-4.526420179367701913e+00
-6.399553593323514811e+00
-3.572929548407381972e+00
-4.494940438517625481e+00
-2.733323774799778949e+00
1.809486680541151804e+00
-4.038733351426598617e+00
6.864648643358989277e-02
3.545565127124192806e+00
-6.367385109959800893e+00
-1.301063798870650245e+01
6.880125480784604619e+00
-3.753291134436421039e+00
4.142651302527943002e+00
-2.848846488624701134e-01
-1.273072516425708400e+01
-7.049151594472547799e+00
1.860049277121452516e+00
-9.896948373202199889e+00
2.207984248193805676e+00
-8.789195877532328893e+00
-1.334490666399568592e+00
-4.898959267550694108e+00
-9.246911791499314859e+00
-5.351047027272909595e+00
5.504185490652801604e+00
1.632930271997389271e-01
3.521796279043404532e+00
-1.812165776394006667e+00
-5.172901425254758934e+00
-5.792383426869715635e+00
-5.032185606080083140e+00
2.534230612381703995e+00
3.845877248163193318e+00
-7.263666474632749726e+00
-3.365164565340799108e-01
3.660959720620799107e+00
-3.375101105928964618e+00
-6.802250471154943412e+00
-3.007820916213364448e+00
-9.232395400202847213e+00
-1.801169552638588911e+00
-4.833539950972243204e+00
8.945724972215927551e+00
4.000446096061365253e+00
5.080911815251544006e+00
-4.468582761075612808e+00
-7.244807400805433950e+00
3.563651896944384667e+00
-5.462038779990813886e+00
-3.264821692679209963e+00
-6.104163520221647765e+00
-1.005531054611275010e+01
1.900339184607620080e+00
-3.257524834266145586e+00
1.427699139394555394e-01
-2.697166055012969910e+00
1.251346299236099080e+00
4.609422718492874438e+00
5.366981000117057476e+00
-1.050451870735453852e+01
-5.740408089540292025e+00
-3.449781170620009441e+00
-1.021819470186109857e+00
-6.967230516939876495e+00
-5.329625593428846564e+00
-8.692880651835075412e+00
-3.434424404148797905e+00
1.139810036563091877e+00
2.457920777455294470e+00
-1.990143937763120707e+00
-4.320778402676509700e+00
5.309615948315934197e+00
-1.627556291731080407e+00
5.602597887884515515e+00
3.248163160976576869e+00
-4.584354351663317395e+00
-3.662211190404284444e+00
-9.345247947084223128e-02
6.109138439785924968e-01
3.929789462495533847e+00
-8.917116856912954415e-01
4.394468889385858112e+00
-5.192619320964638518e+00
1.002336912522174162e+00
-3.516899665341686188e+00
-7.032408691092899566e-01
-5.560489073627876699e+00
-5.514234553665858130e+00
-1.064542873463767947e+01
1.484833405315269861e+00
-2.383820586429118649e+00
-7.681369111293050445e+00
-4.559500059611127476e+00
-4.076004363850170620e+00
-3.621218839726218164e+00
5.238350806096589984e+00
-8.971853824912599862e+00
-1.182134613043211147e+01
-5.749267546404818852e+00
-4.014747565898717951e+00
2.694610695665100142e+00
7.022120244354205232e-01
-5.416325346661525764e+00
-5.448822916961519880e+00
-3.618236742945764028e+00
-5.880000929896669781e+00
8.414967757403870152e+00
-3.989885150109944156e+00
-2.743459379514257002e+00
4.948792909568518361e+00
8.371788155512560614e-01
-1.012522738261933064e+00
-4.714905591062992229e+00
-5.120441554938512496e+00
-4.319975638966218057e+00
1.862628861573554451e+00
-4.961200559829270773e+00
2.841884315130257299e+00
-8.066921489205183704e+00
-1.132934328380926914e+01
2.684982948871842190e+00
2.978171943453760129e+00
-8.281462194115588815e+00
2.944590176687747363e+00
-7.283184112523507281e+00
1.317292490244823977e+00
2.498510161645789651e+00
1.303902673563800185e+00
-2.206477475016946244e+00
-6.934670607610417647e+00
-6.312515281732505201e+00
-4.048156213582336349e+00
-6.339563027943041718e+00
-8.087408646044551119e+00
2.851057323170221647e+00
1.300058877547617842e+00
-7.099565863557849354e+00
-7.321430288564382494e+00
-8.486097810641400230e+00
-5.630903720042297778e+00
-7.456319490682314921e+00
-1.583307039860958199e+01
3.918521538569793794e+00
-3.147388434014615655e+00
-3.402269720119789564e+00
-6.585301078513792206e+00
-1.486106255738784743e+00
-4.348873091520092160e+00
-6.209867542668398244e+00
6.309793298736400047e+00
9.715318336582432490e-01
-1.468516372902915368e+00
-4.618386194292106950e+00
-6.188481731838258781e+00
-7.574008662475428366e+00
4.472076568610948932e+00
6.647842947318133300e-01
4.874750576488194653e+00
-2.710591023265412680e+00
1.644447219643452751e+00
-3.108755055615727070e+00
5.244868736574341384e+00
-2.620493014472760063e+00
-1.922590434932760495e+00
-9.192208164106622448e+00
-6.282592216733144497e+00
-2.255393162463159573e+00
-2.974426451829405682e+00
-5.438772318524188520e+00
-3.153472296611653736e+00
3.859240497969426364e+00
5.741123667525791063e+00
3.290045680508616233e+00
-6.961947307851017896e+00
-1.849179084197557277e+00
-9.016673775459929985e+00
5.546368770984946295e+00
-3.877231249950727321e+00
4.011470207816370426e+00
3.783353298746054527e+00
1.480506825843942442e+00
-8.521713431129127159e+00
5.238555906233086645e+00
-3.623625852901494415e+00
1.692473839345575159e+00
2.987910651150973873e+00
-1.848254741257119083e+00
-1.892131378415159659e+00
4.692240245568649826e+00
-4.554615414220133829e+00
-5.839812958182928782e+00
-4.089825453728595406e+00
-7.988794693182189377e+00
5.127829989363177354e-01
-8.456207576466487907e+00
-9.796052767023942565e+00
-2.151706509248076937e+00
3.870906349923929568e+00
-7.311059797018323536e+00
8.903830809991106765e-01
3.490172394823221058e+00
2.367424954829479233e+00
6.031972558928012873e+00
-7.418053233532473811e+00
3.957386607818764279e+00
3.111611752540651032e+00
-3.743191643198759966e+00
-7.608559673293253667e+00
-8.028645890002717778e+00
-3.213766921610495597e+00
1.871200447710108961e+00
-5.637207120612794498e+00
-2.911906406828246752e+00
-6.051728230993981938e+00
-6.309428864871348352e+00
-4.278173838538986473e+00
-1.149906404582799446e+01
-1.017048326712075301e+01
-3.580142142389246995e+00
-6.910777264366226191e+00
-5.059418354855569788e+00
5.523613577202218794e-01
3.403069718431593671e+00
3.710965596931213195e+00
-4.093986133614892609e+00
-4.562615564604559637e+00
2.087476722170154453e+00
-6.995961100044901571e+00
-1.711561839169549959e+00
5.178626862145524257e+00
5.890117192888505215e+00
3.111007599412727753e+00
-2.215117458902083225e+00
2.390678721819501806e+00
-8.630805485240745867e+00
6.370861664401179070e+00
-2.447269333262291902e+00
4.900476093589743454e-01
-5.319678833239411375e+00
2.364286296078071281e+00
-1.239774208211095718e+01
-6.372508497567213936e+00
1.145321626634113965e+00
-2.838424406710615244e+00
-2.724545569125733202e+00
-3.925731862082309842e+00
-6.136691752052255922e+00
3.846912074623642930e+00
-6.107769815595503360e+00
1.545769560701367062e+00
-1.212819047912402759e+01
8.910611075948860815e+00
-4.663326463699490887e+00
-3.282010255244003805e+00
-8.265075679580052181e+00
-4.087610786820386366e+00
-5.315462034224252008e+00
-3.368933109704270290e+00
-7.413577328860332827e+00
8.956664897318067364e-02
-7.275314638204791962e+00
4.238709943515550194e+00
-2.352894249166688212e+00
-4.916735826567784073e+00
3.095975253759624679e-01
-2.615781857686013456e+00
-1.703865578378173318e+00
-6.853077282824720839e+00
-7.033322598948815951e+00
-6.387321975203876789e+00
1.116661489202078084e+00
1.532814362516575990e+00
-4.669626754458121809e+00
8.471516101177577696e+00
4.081048169673218595e+00
3.236570756179632635e+00
2.295447253875603777e-01
-3.359405349522373019e+00
-7.603302307218640088e-02
3.743876465249684315e+00
-1.024544449339487073e+01
-3.539779421532235570e+00
-5.744762249413074784e+00
2.371838898456440248e+00
-2.166992474110304379e+00
-7.650707629307133217e+00
2.308324311119016148e+00
4.820254174860547636e+00
-4.136465485112610807e+00
-7.181004157329285320e+00
-4.584266395587059506e+00
-2.136086387903146200e+00
-4.550504692412276952e+00
-1.676734989658991370e+00
-1.513046563827134428e+00
9.165372694991172908e-01
-5.471807291183765187e+00
-5.388450776644727824e+00
-4.366829558209872175e+00
-5.860420627219150802e+00
-6.363099384370435985e+00
-5.340784021703866458e+00
-3.955021220753228928e+00
3.027672066850630284e+00
-2.525008112358724244e+00
1.854568132070415931e+00
-3.039818966733700556e+00
-5.758461014419175683e+00
-4.880932488148522097e+00
-5.134274863944488843e+00
-1.648045375011984337e+00
-8.357758192707034794e+00
-6.225479631824457627e+00
-3.908116854279664043e+00
-3.196644161777852933e+00
-1.316178947418133838e+01
1.790240821538371163e+00
1.055431851488927375e+00
2.400668143836614643e+00
-7.980954224611643610e+00
-6.898945188823338626e+00
6.636949548194010617e+00
5.617136238419480065e+00
-5.143405572447640850e+00
5.148139897912615837e+00
3.064347921401971320e+00
1.956409908272836340e+00
8.521124161847299927e-01
-5.492443205642874915e+00
6.236533530731918518e+00
-5.666022164155892327e+00
3.968217155696934784e-01
4.807923306442223321e+00
3.748120600161544580e+00
-8.445934904882019367e+00
-7.567408707347192731e+00
2.479706243286678102e+00
-7.163924309867890639e-01
-6.410202116589264421e+00
-5.974386129011231006e+00
4.350539335784560646e-01
-3.346169584738116765e+00
-6.016439165352226226e+00
4.537200658568490752e+00
-3.890532276969225212e+00
-8.469673502000864218e+00
8.361728718324153320e+00
2.806746846561346320e+00
-9.760440178993805560e-01
-2.482146559765025184e+00
1.178362525224215807e-01
3.665584388274513383e+00
4.672206067061120294e+00
-1.664575437862032103e+01
1.027642332552325177e+00
-6.230038774170777671e+00
5.199338496211261429e+00
-1.045276579028785768e+01
2.716593863290638122e+00
2.603134202650931872e+00
-2.730086557917550838e+00
1.558901452053119252e+00
-1.256634219636235672e+00
-4.197987087703809905e+00
-9.684546120167067951e-01
-2.668181769623601873e+00
-4.564971646102730318e+00
-6.267237589708914314e+00
-3.746269931746034398e+00
-4.680356813403475869e+00
4.652003197302253312e+00
-7.887603047152971669e+00
1.077639050268531351e+00
4.251761079313775227e+00
-4.110833104016339945e+00
-5.626377713141842207e+00
-4.945700201070991398e+00
-8.806763862868615789e+00
-1.838496987476688549e+00
-6.468403053324754737e+00
-7.245030376087656876e+00
-3.871259542187177605e+00
1.004099366716804109e-01
-5.311016749892784716e+00
-4.136335869054624581e+00
-5.749234610233159515e+00
1.330593372822501452e+00
8.757070173025417459e-01
2.265878414633546001e+00
-1.023399843882492988e+01
3.192591894517972317e+00
-2.638849836890919676e+00
-9.336869875009337960e+00
-5.007657496939124542e+00
-5.315837158393019735e+00
-1.015745323675774436e+01
2.793121686485029009e+00
-8.103405572197592832e+00
2.818361125283806778e+00
5.189980801517041442e+00
-6.938115030098506608e+00
3.791245152001103236e+00
-3.986625357588500673e+00
-3.893568518760817110e-01
-5.538803710165755234e+00
-8.873236068812181188e+00
2.346996964855168955e+00
-2.511961671833883969e+00
-3.275462837448154918e+00
5.152063476399358910e-01
-2.869504361688905547e+00
-3.928243417591312348e+00
-6.991573572191349228e+00
-6.156962087729024091e+00
-9.320007855139966324e+00
6.409080873125727607e+00
3.913990794847120203e+00
-5.528199695930467783e+00
4.645940689178805094e+00
-5.934954152889229562e+00
-9.262105180507697710e+00
1.344841454438388428e+00
-3.220447311683384495e+00
-6.064083158447488131e+00
-8.519817467394537047e+00
-8.994735053673371894e+00
1.166282330683020119e+00
-3.008421872750552062e+00
3.020246823520613244e+00
4.600636924811460915e+00
-2.273136897823458957e-01
-8.185936481573405032e+00
4.230714034588574535e+00
-3.288116430239361732e-01
-5.599972365273575559e-01
-7.170524295436262463e+00
2.422972538787606656e+00
-1.012887200711830005e+01
7.691929727375711678e+00
7.786990984046426867e-02
1.539150547215847764e+00
-7.885511496245104723e+00
-3.188821102234887572e+00
3.547094142003131445e+00
-6.525797671617885598e+00
5.688059084653893649e+00
-3.424260699432099653e+00
2.449738101375294352e+00
-3.383671036741934923e+00
-1.006072076470690035e+01
5.239634750972472332e+00
-2.226460757141440983e+00
-5.722175965132667130e+00
-8.143817081856534301e+00
-1.264307855060759422e+01
-2.299689201008149553e+00
-5.949928300892644017e+00
-6.249348779295301526e+00
-6.004008912673345577e+00
-3.796891097020040018e+00
-9.221684008916680497e+00
-4.445762554842305203e-01
-4.546174182967540389e+00
3.270937345686855569e+00
-4.599731397607749628e+00
-2.350155456515144792e+00
-5.378664049841809458e+00
-6.855250579343049822e+00
7.139908426358346105e+00
2.305226794103674148e+00
3.952008457744896064e-01
-1.129090504106135207e+01
-2.987162631404882251e+00
-1.848651656348268002e-01
-5.010630586322593061e+00
-7.700615247489661641e+00
4.095304293579232535e+00
-4.223149516373409185e+00
3.374790209994841916e+00
5.859502690650860046e+00
1.553539484310985763e+00
2.906172543526425844e+00
-7.579795041185724003e+00
6.162406062261812423e+00
-4.633188971042470072e+00
-3.668137674816079663e+00
1.602446662078925721e+00
-2.960857393902410983e+00
-3.900477998811175073e+00
2.144593961838635821e+00
-9.111741936432879996e+00
-2.731298825317031387e+00
-1.375929396927024762e+01
-1.639202966543727769e+00
-7.537062362128136073e+00
3.542564570962284165e+00
-5.336294952336665176e+00
3.541892506087227499e+00
3.486587793326798579e+00
-3.624136673928128882e+00
-5.695683083900529908e+00
-5.636529390606908052e+00
-7.044741319635926757e+00
-6.246174271349625329e+00
-4.150885230830102302e+00
2.864809318442030905e-01
-1.571894951084491066e+00
-6.031858224024098547e+00
-2.149116627083209607e+00
3.003621355672553062e+00
-1.854817001606902771e+00
1.549014456372800996e+00
1.745159291930574952e+00
3.621726579798210555e+00
-5.255833473494725183e+00
-5.996937503900769073e+00
-2.033281564725191615e+00
-1.234957411850329700e+00
-1.055870520483126462e+00
-9.682972721841520691e-01
-3.460807195796972824e+00
2.728214329090869139e+00
2.365531399454115835e+00
-4.892941991271522184e+00
4.471566994211305435e+00
-8.733862167149640143e+00
5.032558596146161634e+00
-7.406681867696212507e+00
-5.878810645255553524e+00
-3.375860371147686667e+00
-3.311252314502351801e+00
-2.170522542967364465e+00
-1.891408142192541053e+00
-1.009354260037634354e+01
-7.286638052952243427e+00
-9.412333547272787371e+00
-1.269900565725460417e+01
8.782824886764499794e+00
1.038838020953615882e+00
-5.213444587679891384e+00
-6.785446483341946333e+00
-6.988896560217648712e+00
1.931835116110618644e+00
5.794724963293957920e-01
-9.137838378825570373e+00
-1.599216713380406940e+00
5.102770087068954297e+00
-1.119093183948809189e+00
-5.136040540489144490e+00
-3.196384647497644060e+00
-5.483616315842267497e+00
-2.672317707406423715e+00
3.122018090778368560e+00
4.827803455941249711e-01
-6.910259150370270831e+00
-2.527625808010006914e+00
4.995333219247129364e+00
-4.688729243774751865e+00
-1.441845891736342811e+00
-6.841544611966302369e+00
1.537366845318891340e+00
5.604226588696596068e+00
-1.206690956574194296e+01
-5.208378086145494024e+00
-3.092890529595673677e+00
-6.635506495187419418e+00
5.010208204864685655e+00
-1.024534802086969520e+01
-1.478292636363411017e+00
4.983546885763985301e+00
-6.242282213172506644e+00
-7.704710297178991141e+00
6.729589660685930674e-02
-1.281482077205644465e+01
1.781239577020682807e+00
-2.206006109438104712e+00
-5.763902808015446411e+00
-5.262880384582334869e+00
-6.327344804970462810e+00
2.569627477620265221e+00
-4.141618521697414401e+00
1.971453437642563866e+00
-1.016608765564856753e+01
-9.377270111926874208e+00
-6.427098882760533982e+00
-7.645036189477443678e+00
4.697282122531664328e+00
-3.704643993504779687e+00
-7.695137581149505301e+00
-4.714738217802241671e+00
2.610101271378226784e+00
5.812704144636702264e-01
-2.754744623906274281e+00
-1.174940146237922534e+00
-8.125513214687114072e+00
-1.931296814761280345e+00
-3.897420916073975228e+00
-5.824774863374153178e+00
-8.431805629562239446e+00
-2.092593716727866759e+00
-4.867828176638743898e+00
-6.332422128106975912e+00
-1.089393756217477005e+01
2.830523307283642431e+00
2.457691024762445942e+00
-3.154812974443192530e+00
4.366155313148449402e+00
-7.997875198146906506e+00
-6.636953926915060364e+00
-6.575976846357142414e+00
-6.204600422931527248e+00
-2.662536936883640237e+00
3.587153677966306020e+00
-7.364760521358718615e-01
-5.840821719628227271e+00
6.934444907789187873e-01
3.976459474364761881e+00
-2.857349650581893830e+00
7.362067351045824104e+00
-5.597842034766701280e-01
-5.017853488626397684e+00
4.257653456566572459e+00
1.728952419327289380e+00
2.597196087267817699e+00
-2.911570076374150329e+00
2.022190648631717380e+00
-4.588733167094861676e-01
4.038433168149235364e+00
-2.285078799264396165e-01
-4.714484440971022927e+00
3.261192780192395890e+00
1.373918324275651859e+00
-4.849287796189493349e+00
3.918672650792401679e+00
-6.392506413870131965e+00
-2.014809311041144024e+00
-4.168248360735078428e+00
2.790034260124742982e+00
4.708343364899291728e-01
-8.145957692206061695e-01
-3.410437085490505282e+00
-4.554296006136548058e+00
1.048148015140425215e+00
-4.933529766148898155e+00
-3.700482081885017926e+00
-4.418628435082292860e+00
2.943921843729024879e+00
3.019121494330780031e+00
5.904368401160374979e+00
-4.365393329270125244e-01
4.061668488735302063e+00
3.002954785738671806e+00
3.657338440816154890e+00
3.721024648769477139e+00
-5.239244386047098523e+00
4.675281809986214121e+00
1.446694941532270295e+00
-4.205430363370656011e+00
-4.628579508442792090e+00
9.800314017122491173e-01
2.959057656988698382e-01
1.466298589449725576e+00
-1.435180373782733021e+01
6.540540755411326401e+00
-4.550814497843995277e+00
-1.241410764755310758e-01
4.921722376971189306e+00
-6.881267822833382120e+00
1.496983475553262277e+00
-4.209953162959204853e+00
-5.651717608737025778e+00
-5.243278315067483319e+00
-7.797515421806349600e+00
-9.157265080207624308e+00
-1.742340968311811622e+00
-2.382107149846155458e+00
-9.770483425029108382e-02
-4.248764975572158598e+00
-1.130529257770070650e+01
-2.517613725133325708e+00
-6.428051456576491240e+00
-2.418178199839557951e+00
2.633355489476775890e+00
8.836695743432654737e+00
-5.635362766179080829e+00
-8.161207581732750072e+00
-1.096375345954003766e+00
-6.158862224165815746e+00
6.563191126009745302e-01
1.348192132966136381e+00
-1.159411295009613951e+01
-4.324305237770490473e-01
-6.930537798216434453e+00
-4.947958856226303936e+00
-1.197509608639855117e-01
8.218825318164068028e-01
2.286629379626454295e+00
2.769762441056542457e+00
-4.346129851742789540e+00
-5.716899107597540386e+00
3.513839376132840808e+00
2.322550121276940605e+00
-3.462768680288097478e+00
2.498312725710053250e+00
2.867937190901385769e+00
1.786065587902735174e+00
1.055099929406561543e+01
-4.276269834204722287e+00
-5.123642061999796660e+00
-7.023773463515945004e+00
1.797598577322660374e+00
1.335515837105527570e+00
-4.340318386949901353e+00
-8.797300628956097768e+00
2.796219072302644770e-01
-6.473476828888974133e+00
-7.156801575041106034e+00
4.501925596863525669e+00
2.145223256381409982e-01
-8.150339853048224725e+00
1.059222364678988448e+00
3.765597310031508993e+00
6.589011512155783734e+00
2.079744268966893017e+00
3.940213207800617568e+00
-4.195650783470187051e+00
-8.073869107961982650e+00
1.478788046841467363e+00
1.703631112972164185e+00
3.627725149316631370e+00
1.148541521441469815e+00
5.910858385629298439e+00
-5.722980715369580196e+00
-5.389675478746682735e+00
-8.146114666850033714e+00
7.200176611740345400e-01
-6.275996365753528927e+00
-7.893798042109806623e+00
-4.141639586616300051e+00
4.938989044756846525e+00
3.386650549281413070e-01
-3.793732659499075011e-01
-1.460583764217522340e+00
4.978606111636907805e+00
3.015715182137788553e+00
-5.939258472991568283e+00
-4.381152327112089573e+00
2.455524530978707265e+00
-7.714086345479738149e+00
-2.821192459421591359e+00
4.773363473292202563e+00
-1.329549374600023448e+01
-3.109735569368079933e+00
3.626860935428665833e+00
-9.266720361394828132e+00
-3.374722268081339571e+00
4.065187115311567290e+00
1.084640559751897548e+00
1.724734814966848884e+00
5.048285542548495819e+00
-1.273698692067976168e+01
3.642872888364030448e+00
7.326614601360669887e+00
-5.945280257965072757e+00
-6.047212040489695184e+00
-1.832475534165931119e+00
5.397769478202339322e+00
-5.483794169578675159e+00
-5.291032993203446111e+00
-8.852446442559807949e+00
3.095607401431360595e-01
3.579015949698093113e+00
5.658302895218690232e+00
-5.298483580828883710e+00
5.833030802371599322e-01
-9.627575653593003935e+00
-4.478351259564364639e+00
1.739028255005811374e+00
1.652209930617830835e+00
-4.082390053074149705e+00
1.029444023792278839e+00
6.023233811765170032e+00
-6.073451743489137300e+00
-3.566332872220831618e+00
-1.055864479065804851e+01
-5.027938121470770128e+00
-5.332528053730531070e+00
-6.770221299750176946e+00
1.464160258823469452e+00
5.868042272313338081e+00
-3.449252892810680260e-01
7.747411749101432044e+00
-2.189448637926637797e+00
-6.118178853383546389e+00
-4.518521233258600667e+00
2.636464948030475153e+00
-2.369579858499625935e+00
-6.215306866350863935e+00
-1.695775112225180070e+00
-5.213857418947322131e+00
-7.037038310243317163e+00
-2.664825011573186408e+00
-5.836797623283582759e+00
2.286355522679504482e+00
5.079080883008640690e+00
-6.543290492668347724e+00
-2.350136413999873941e+00
-5.867554939436903538e+00
1.971800045598830486e+00
-7.469960225172457946e+00
-6.277209554527288127e+00
-1.120954734176273782e+01
-1.134990209705248887e+01
-9.921329392714481443e+00
2.305790601633542991e+00
-4.702340434483605058e+00
4.556825033507424294e+00
3.083050167135582775e+00
-3.830218341791779224e+00
-7.222480529995004339e+00
-4.897287894634227534e+00
-3.090310119019613611e-01
2.454140646617623212e+00
6.083510298350532253e+00
-3.554992501304040431e+00
-1.573753774243606962e+00
1.947826726715326640e+00
8.219041136645534706e+00
-5.112133120501790806e+00
-9.489499241613565061e+00
3.721508248946613362e-01
3.922086311135838166e+00
-1.803083002109709732e+00
-4.299524476377854398e+00
-6.247709948078933095e+00
-8.532465472011367069e+00
3.140507567681166456e+00
3.290220011263947919e-01
3.858242117618421840e+00
1.847170260410813114e+00
3.070619976135969154e+00
3.554676360060958995e+00
-6.330358587851622865e+00
3.823419014594013454e+00
5.214493873173254634e+00
-4.061870766990585579e+00
-5.140854649339745563e+00
-3.291646800797466632e+00
-3.787412580854809363e+00
4.363567859400485638e+00
-6.045320912584847051e+00
-7.644726367971574454e+00
-3.674144234419288502e+00
-5.805461106876513178e+00
3.043474945987254543e+00
4.065915437128878374e+00
-7.324657169403583801e+00
3.361709128244051215e+00
3.422162636482555698e+00
-2.130616475663635878e+00
6.424566202342650856e-01
-4.538987696808984396e+00
-7.208008730897286220e+00
-9.399155870462961859e-01
-4.164600050108979268e+00
3.231026477000643826e+00
1.519475787108529818e+00
-4.219773119282751672e+00
4.146800647330439737e-01
3.534180043454604903e+00
2.443993143497136700e+00
-8.874966610435967240e+00
-6.273465795283208024e+00
-5.359705918068631725e+00
-2.015421478426641766e+00
-4.348322494578945374e+00
2.842356461214905927e+00
-3.618992302693071927e+00
-4.612018526855472977e+00
-9.138226070361993081e+00
3.553900381931061503e+00
2.085357037209427666e+00
5.805261044349285804e+00
-3.874331890014431679e+00
1.247365229065998449e+00
9.382561891339462612e-01
-5.017757582878402012e+00
-2.637340631059269302e+00
-3.563036495194600306e+00
-4.806931634778677243e+00
-3.752035339565840566e+00
-6.177629754605789891e+00
-8.215241359216532757e+00
-6.848601443595795146e+00
-1.616850265664815378e+00
4.949497323664044046e+00
-9.514670125986882665e-01
-2.617121110871764689e+00
-3.446905919162609244e+00
-5.000305436059659492e+00
-3.783645235626599046e+00
-7.227415024206035987e+00
-5.156722101407047454e+00
-6.005564957715205487e+00
-6.141123262900244129e+00
2.536289823211607342e+00
-5.576605188079845732e+00
1.844285373695687902e+00
7.212748094659238163e+00
-1.754273204810568476e+00
-3.404543573335482520e+00
-2.171209253027628350e+00
-4.372946140184187591e+00
-1.844208614356250386e+00
5.175284479906824053e+00
-3.887167544996412261e+00
-1.986234269613594616e+00
-3.908958855544922173e+00
1.216179395118655027e-01
-2.934795867190115537e+00
-3.508674377967885505e+00
-1.884151016441356630e-01
-5.263894671641134337e+00
-3.267585477205791733e+00
-5.281801041181216627e-01
2.723104346135275300e+00
1.386381392482879393e-01
-2.082469362817811032e+00
3.297849809433977875e+00
-7.152503936864298417e+00
-5.080932621964209694e+00
-3.286563947072434821e+00
-9.795050850344219739e+00
-4.422643069498601420e+00
-6.603725170414506351e+00
-8.081714946666004096e+00
-8.742987934766246028e+00
4.646701430405489219e+00
-5.383092162950207538e+00
-5.649239241721303983e+00
1.323313803278816092e-01
3.670581767523652061e+00
1.327827839761348105e+00
-5.772531230012429404e+00
3.462200935766177157e+00
-5.115768232022445794e+00
-8.844806812387227879e+00
5.796637947873557906e+00
-1.882711540895003477e+00
1.178435538953958694e+00
-8.652917677811952757e+00
-3.455330510103226338e+00
-2.149192087879121971e+00
-8.784417440501938401e+00
-3.339562973254792233e+00
-4.836402929589092459e+00
1.780141377817353376e+00
-8.584587283359269350e+00
-1.058420532702914940e+01
2.988989936856719432e+00
8.844154510730581897e-01
-5.691303103345646264e+00
-7.321395106733691982e+00
-8.017618137950693225e+00
5.748949501006645590e+00
1.457617112658501135e+00
-1.248924326507056115e+01
-3.817367273208987832e+00
2.297137305154409059e+00
3.504996494443600508e+00
-3.243762952957685464e+00
-9.833817303682065969e+00
-1.178283934088576679e+01
-1.986257621198065593e+00
-2.792650187487991875e+00
-4.855695146130055484e+00
-5.578401593214886489e+00
-1.527971021701712395e+00
-7.153613172927194563e-01
-5.735513759397863787e+00
-2.902453903893285059e+00
2.161576578209970734e+00
-1.092821005057802708e+01
-3.399372275995861337e+00
-5.086198035889231583e+00
2.376472873530023566e+00
-6.214334645552432868e-03
-8.952576413031826164e+00
-7.953556127738784731e+00
2.908138091862777497e-01
3.335110992479365155e+00
3.068430513984593322e+00
-1.838713037794175165e+01
3.149275447887650792e+00
-5.121341252809838096e+00
-4.515495554178477811e+00
-7.104993392638705885e+00
-4.590306924756561990e+00
-7.101140147713572048e+00
-7.208938998620451066e+00
2.812956949231026904e-01
4.086544199163010482e+00
-5.435507277173636353e+00
-7.320785248834323911e-01
-4.841949976842482961e+00
-8.839083177119322343e+00
2.440684757332571841e+00
-6.340931817553950189e+00
-6.710082759129547547e+00
-1.897998655465355178e+00
-8.759824299327936714e+00
-5.118338568864275295e+00
-1.208997348694171059e+01
1.491811138932791270e+00
-2.338105582073450428e+00
3.838613585964160801e+00
-7.798010688010704738e-01
6.098180520927129145e+00
-9.578228295332822384e+00
-4.129463734460090407e+00
-3.893569703281315242e+00
2.699253662874254278e+00
-1.881132195733716372e+00
1.642003069932065573e+00
-3.554194343910200615e+00
-3.847740970331670063e+00
6.103519061156442049e+00
-2.131864873608048772e+00
-7.011589670097576610e-01
-8.716082231764957555e+00
2.499230776834421075e+00
2.863393555715183503e+00
-9.392564864307031414e+00
-7.072405297024953796e+00
3.282461824328863020e+00
-2.344253415469439883e+00
-4.145344708297642455e+00
2.930994942897882094e+00
1.739581429616812169e+00
3.289024600999745918e+00
-7.689128478698683544e+00
-3.205714926387066122e+00
-3.532070104257329923e+00
4.897112163064663903e+00
4.682613063036638046e+00
5.010260514268148668e+00
-3.628644278240217957e+00
-4.406507598710001972e+00
-5.474726140152514020e+00
1.036283799952995643e+01
-7.604164964642783353e+00
3.270819875078030847e+00
-4.491934072358052532e+00
-1.306514296842721379e+01
-3.172008960620613216e+00
-1.125056028965910748e+01
-7.496415711776733382e+00
-1.320900491287078760e+00
-6.983489483158654920e+00
-9.226694923650404334e+00
-3.297425066407014604e+00
-5.482351855076723623e+00
-4.067770412853207951e+00
-3.462144262629608171e+00
-1.664285306230446571e+00
4.369975084506471319e+00
-3.407002996220314550e+00
5.020435412708735612e+00
-5.814221571861180493e+00
-1.066760384358885716e+01
-9.563076396028279191e+00
2.951578855764198650e+00
-5.806499820057394068e+00
-4.940813634189526127e+00
-3.286070702865311333e+00
6.959464254672176331e-01
1.600321834266204002e+00
-6.301434803433936693e+00
-3.793317480641168693e+00
6.172987843422317322e-02
-8.622291932516747082e+00
-3.173838929166377554e+00
-6.411861395106930317e+00
-6.826747119265959896e+00
1.700627704783900462e+00
1.395555503162352551e+00
2.533844263263173247e+00
7.818377121622380521e+00
-1.022338951323149026e+01
-1.405794245819266264e-01
-1.382553338982975610e+00
3.969908715122774545e+00
3.899328959276826545e+00
-3.596125240947935175e+00
-5.601456521236218400e+00
1.300537297625150046e+01
9.227039814576307730e-01
-1.266016528807225328e+01
2.396477518013687469e+00
3.465825088081086136e+00
1.780708862639914569e+00
-3.347237894722288054e+00
-3.736154392676875879e+00
-8.630238386940209949e+00
1.085816972089802412e+01
-2.676621406834938988e+00
-3.055284871696750670e+00
-3.152307919648419166e+00
-8.592049196561339031e+00
-1.001045457233399771e+00
-3.049071217623327890e+00
-5.876626120440835432e-01
-5.805099205303808851e+00
-2.029940923707017397e+00
-4.038091030671798976e+00
-7.249501325766325444e+00
4.762329597942022374e+00
-5.111818923706703544e+00
-6.536221898205353042e+00
6.370181983061689035e-01
9.156952409035060692e-01
-4.636777299601398283e+00
4.495585720448859846e+00
-6.516050314051430092e+00
4.295832600757252706e+00
-4.016731296248565286e+00
-5.763450742961861994e-01
-1.754496029622018893e+00
-7.916253650677975706e+00
1.205738607092099013e+00
2.719343138069363341e+00
2.145059094094150964e+00
-5.740730612505088537e+00
-5.698860449827761521e+00
-1.139943733089364386e+01
1.620598065381056552e+00
4.981924923542542238e+00
-1.616198041938535335e+00
2.002241964274658947e+00
-3.740952402818755296e+00
-6.753697511103355033e+00
-4.662323147055924544e+00
-3.254372188763174911e+00
-5.061971757557118146e+00
-6.957913064050154972e+00
-4.649825031355983462e+00
-3.872764469222056860e+00
-1.240774264753117784e+01
3.396783035887417590e+00
3.281759284750328298e+00
-5.977183081572093215e+00
-8.942143164099023434e-01
5.617206476293332251e+00
5.610296644108540676e+00
-9.715369224193935338e+00
-5.026272948796828288e+00
2.589466776362707723e+00
1.375633490246382706e+00
-4.967866715693571855e+00
-4.087777541836603135e+00
-3.525909879530208180e+00
-7.121048654512049048e+00
1.148741441488858150e+00
3.331629939423287112e+00
3.951395381387476924e+00
-4.733883081742435550e+00
-9.675109977690299345e-01
1.276534449811742133e+00
-5.330565530579713496e+00
-8.321203736609824375e+00
-3.154570719487639341e-01
2.246926165391514907e+00
-5.108990213277349035e+00
8.318750796652625290e-01
-8.668005504143181383e+00
-2.845381034037886003e-01
9.018880634163589649e-01
4.422736121583417668e-01
-1.030202175023410227e+01
-3.327250025651947496e+00
9.411307241033851412e+00
-8.007358468906085491e+00
-5.910049075153073872e+00
-2.460227964989583072e+00
7.020770245848931834e-01
1.207006374739757026e+00
-5.772817422136907517e+00
-2.040129588211303080e+00
-1.207284783150552654e+00
7.629664770349486869e-01
-6.260446754523620427e+00
2.270536108947495357e+00
2.384363858674737990e+00
-1.110350074374311724e+01
-2.126135838294681335e+00
-1.024349157411457689e+01
-6.603654127952025554e+00
-4.316552471049326378e+00
-2.661043302725263793e+00
3.391297259543080145e+00
-3.319375257759040743e+00
-7.641087186126072517e+00
-4.067263459710734885e+00
-5.154262698494322947e+00
-5.011913805420176615e+00
-4.845733578227265248e+00
-2.293510750365599371e+00
-7.656391505981767764e-01
4.196155607626719686e+00
-5.008107274539166376e+00
-1.211075162153889329e+00
-2.099790548514519628e-01
4.397377401874278391e+00
-7.238366193959612005e+00
-3.235795432512250436e+00
-8.771185401720471120e+00
-6.850867212557119501e+00
-2.946384833160612615e+00
9.968088675246853825e+00
-3.913724999369906143e+00
-1.958321163478367710e+00
-1.807731788373274862e+00
-3.057016805279148208e+00
-1.358717871451964765e+00
-4.410290089712685102e-01
-9.244305608040002120e-01
-9.082128299288964257e+00
3.356402349166940802e+00
-6.190883421819535215e+00
-4.540879522343164609e+00
-4.191993878383252436e+00
2.779720654796737911e+00
-6.755814773510678606e+00
3.410472147847807278e+00
-3.362285475317296601e+00
-8.263687159884199218e+00
6.688327392087058954e+00
-5.105830747915589996e+00
1.560714753799441468e+00
-6.409333999547553340e+00
-5.024206674850807630e+00
-3.826200298262016020e+00
-8.762165341157547971e+00
2.456059581605775755e+00
7.389736082885587365e+00
2.029894385605585772e+00
-3.359448588708729311e+00
-1.218255328380353664e+00
-1.011587619291491436e+01
4.431078364877375497e-01
-1.705023149652906866e+01
1.738286466179346235e+00
-8.082336278460540147e-01
2.283852974664234647e+00
-7.840237085986323073e+00
-4.917461181999957631e+00
-4.054957478111095526e+00
-5.252604697543384660e+00
3.929330300110896346e+00
6.615385149228067974e+00
-6.703775238529662062e+00
-2.507188856318423475e+00
-1.005042154549667188e+01
-7.107067948950627212e+00
-2.497234115393694331e+00
-7.186021787321865695e+00
-5.625425785457786709e+00
-2.604558354310908541e+00
4.689648419454124806e+00
7.134180739140054683e-01
-6.299309543044140369e+00
-6.103319919592392395e+00
-5.906770818431364312e+00
3.913434568360286470e+00
-4.385319836546088368e+00
-6.763266107814317252e+00
-3.375266988196655937e+00
-3.834633982511001626e+00
-6.206979217138473892e+00
1.230861549533434740e+00
-3.644449537286575058e+00
-3.583394813950721236e+00
-9.061466835541274634e+00
2.375339204365105594e+00
-2.530881839181330584e+00
-7.813274978691789663e+00
-3.981263743395124788e-01
-5.513892788865805805e+00
7.083691086843550977e+00
-1.177094111708589574e+00
-4.085815507436699079e+00
3.121175975796594670e+00
6.417036185253903291e+00
-8.173418993984906677e+00
7.657514499247588979e+00
-4.938371010514607029e+00
-2.248996168599897594e+00
-2.159744576057725851e+00
2.317482121462547617e+00
3.552888280476305560e+00
-6.874885757681126641e+00
4.433417417458582754e+00
-1.154408735374218509e+00
3.980257058252732350e+00
-2.567728070642565363e+00
-1.634164077829493911e+00
3.132993139409792072e+00
-4.883441331769197369e+00
-8.718030259400119775e+00
-4.282221101858953105e+00
-9.343771980725682269e+00
4.946621665547583646e+00
-1.764669182038356254e+01
-2.530732307353500410e+00
-3.147321429340681931e+00
2.800560841024953618e+00
-4.308908053789401116e+00
-3.540355431393203745e+00
-5.729492332752028183e+00
-4.291596238253677420e+00
-7.111658757326953406e+00
-6.548912180438341224e+00
4.819155615523087022e+00
1.014703904723313066e-01
-6.687033385897303894e+00
-4.960173546330420180e+00
-2.904728991687469453e+00
8.139849781491181879e-01
2.254679214830747291e+00
-9.218076983608401775e+00
-7.416267530297905530e+00
-7.581037063946602039e+00
-2.664169014079829978e+00
-2.342549650647850257e+00
-3.891134426475844954e+00
-5.500619490008086032e+00
-5.526421307861063781e+00
-2.803241233535151089e+00
-7.301406436927641685e+00
3.496726303665285585e+00
-3.851906178596182784e+00
-5.483065432449763854e+00
-4.599536328286795595e+00
3.345588167158764392e+00
-3.810227363509241627e+00
-1.113697572207811959e+01
-3.078925906143327396e+00
3.083751167437617013e+00
-3.165938394058744443e+00
-3.297395851688928126e+00
-3.104356290411748098e+00
5.370641833982566560e+00
9.882962386274877886e+00
2.093839823697816183e+00
-1.741982853287568522e+00
-4.201458020935321613e+00
-3.297305246549102620e+00
5.408805111239559871e+00
-1.142917467739557269e+00
-9.424072113669067718e+00
6.373060615904099002e+00
-4.957387204996898333e+00
-5.037730157947740040e+00
-5.013402774540612228e+00
5.538990003820107866e+00
3.613839535115748625e+00
-2.207418187138754817e+00
-6.074445964456169911e+00
-5.415641529928563180e+00
-1.641803203455417082e+00
2.365246907972650803e+00
-7.767094719217657151e+00
3.078932433549055325e+00
-4.692763912809772009e+00
-4.337378672362379284e+00
-6.570775682501191817e+00
-1.244247309586048722e+01
3.946987382542577194e+00
-9.866165994701495023e+00
-4.602568336295492557e+00
-9.376966812633179771e+00
-2.432944578835591010e+00
-1.729570324640101120e+01
-3.626686432009396555e+00
-5.099231101575111502e+00
-1.780791291401355503e+00
4.924681165272029482e+00
2.396635990070440925e-01
-7.377422842070310516e+00
-3.084005833748487468e+00
2.894308922454787769e+00
-1.760259766249816726e+00
-5.666586234986826121e+00
-9.993033555859785366e+00
2.511008769716894573e+00
4.522438623497672672e-01
5.099468998289964361e+00
-6.361799597677895157e+00
-4.296882389164864868e+00
-1.009091091063088363e+01
-4.108763181623884542e+00
-4.904259313869830272e+00
1.051924789502338031e+00
-1.801453327246552272e+00
-5.566995719722447333e+00
1.045551933651617249e+00
-4.240430299769196054e+00
6.073419559538479007e+00
-2.782413964450016763e+00
-2.456068485420424885e+00
8.876433242514542243e+00
4.600913817159945074e-01
3.353310730413315177e+00
-3.458090936366174262e+00
-3.752309338327003196e+00
-4.439226421369085962e+00
-7.818712235457561555e+00
-1.022227950587618750e+01
2.458098244204703686e+00
-8.102401505123335568e+00
-1.462707829307028140e+00
-1.034809794622608869e+01
4.120138417297278366e+00
-8.209381474392857925e+00
-6.507141570130483998e+00
3.615952870828003540e+00
-8.052371745352409960e+00
1.677695641283540207e+00
-1.038988416685834260e+01
1.356762473237542177e-01
-6.348376630985685054e+00
-5.344530321913813609e+00
-7.049378077707777024e+00
-6.523478672977158332e+00
4.324977231448884574e+00
-7.796713960886921591e+00
-2.198860939338458387e+00
-8.719457068624107521e+00
-7.942684698332242554e+00
-6.815583356121831748e+00
1.240279551357104104e-01
-4.922994232512404089e+00
2.430579292711485984e+00
-2.537412794446527897e+00
-4.502051002830843807e+00
-6.268839024054462250e+00
-5.032097133328231386e+00
-5.500927838045187812e+00
-1.707282018193775341e+00
-4.527725698372881524e+00
-9.156553741931244161e+00
-3.394172396820477999e+00
7.102300942196059452e+00
1.106721784020062938e+00
-3.734480793507299445e+00
5.286099791069307940e+00
-6.168656339902331531e+00
-2.764071532051393554e+00
3.131416822562723468e+00
2.751329249517443287e+00
-6.002108523200246903e-01
-5.622273763690495585e+00
7.855395654404760952e-01
-6.109820939574516885e+00
-6.093700882779438111e+00
-7.682214288178246697e+00
5.285276512089933654e+00
4.908906501474082695e+00
3.259262360947484005e+00
-2.454111615857768491e+00
-6.822585924230609500e+00
-3.643110931691113663e+00
-6.038171126546038714e+00
-5.329481834083623859e+00
-4.173338712657201022e+00
-4.718828499837115942e+00
2.526173347910859235e+00
-6.759472230267506099e+00
5.280610272274841588e-01
3.062338441149938362e+00
2.156192731869637669e+00
1.028014042395198668e+00
3.634546675112462211e+00
3.111165007998566878e+00
-4.144102094807736059e+00
-3.021926239732858122e+00
5.777917897137835546e+00
-2.387978450834493671e-03
-1.632842376144244545e+00
3.992726288297063775e+00
-8.802148078999769254e+00
-3.420419511660105272e+00
-2.182079689219565743e+00
-4.585606964444669309e+00
3.797652864134190231e+00
-4.102348115240752158e+00
-3.545144069363288963e+00
-3.855759386238406528e+00
4.102251235770978610e+00
-6.156397031880993964e+00
-6.163509543002370528e+00
2.253022424013662928e+00
-5.057700579348411551e+00
-2.664209094273070066e-01
8.203440478365934041e+00
-2.227563680334101903e+00
1.420582651724563217e+00
