5.093683396301145194e+00
-5.025074506204201263e+00
-3.530947299165324571e-01
-5.825285224915789151e+00
7.695226743639404177e+00
-1.302724144812762441e+00
1.294470808021505270e+00
-1.897727352471892726e+00
-1.788946176951761391e+00
-3.134818841381767918e+00
-5.934444755789804127e+00
-4.565434425070431068e+00
-4.005119258702484863e+00
-7.581464452800840137e-02
-1.804735039331597957e+00
-2.043563790739520325e+00
-3.688281548286290179e-01
-2.285635051944008289e+00
4.264723766465069232e+00
-3.896746446710420475e+00
1.713922160040906695e+00
-9.638002997717443066e+00
3.026904131069916293e+00
2.806075768232489054e+00
-4.267662364682758280e-01
-1.719578585803553272e+00
1.003848620670079184e+00
-6.281266401497138219e+00
-3.943408375948590727e+00
-1.152029149023531707e+00
-4.015653740909409741e+00
-3.666811979189493087e+00
4.224439740788312747e+00
-2.854485015508406942e+00
-4.362797712055915156e+00
-2.224428310186424618e+00
-3.545897226647375167e+00
-7.258815497154042617e+00
3.593327344835668846e+00
6.828553076314545223e+00
-1.184372897940837888e+00
3.071712474216910405e+00
7.228719748335600270e-01
2.234965933434621910e+00
-3.452795142199715173e+00
2.664084031872975822e-01
6.094679540440543164e+00
-5.677308817335772195e-01
-1.560576437548158557e+00
2.995201507065518243e+00
-2.824029876932972805e+00
-2.692323148684489187e+00
-4.078144866354296294e-01
3.700458911097431969e+00
2.966945421752809509e+00
2.391366188420422922e+00
-5.155062567299342202e-01
1.452659067592387387e+00
8.035504564736669630e-01
-6.214202608347955348e+00
-1.032136382630873372e+00
-7.136758448289000967e+00
-9.277051059014369550e-01
3.706831915895810958e+00
-3.137745583823566164e+00
-1.600101431940196051e+00
1.459667708662676366e+00
-3.974292029282066707e+00
-5.831043280437966381e+00
-3.445693347100536652e+00
-3.609160933624133261e+00
-4.690054718440897830e+00
-3.158833643032407767e+00
-5.260132640790729397e+00
-2.644082257488830745e+00
-3.026533466207782297e+00
-6.413104512910156041e-01
5.324125338019259246e+00
2.631555968991369454e+00
-6.970171127289584767e+00
2.661971855420913080e+00
-4.373656566124473066e-01
-2.922242501025876127e+00
-9.119031213068591768e+00
-3.820548948167698189e+00
-7.521960697512639626e+00
4.670809005055883922e+00
5.055470830420729200e+00
-4.757879666671888330e+00
-3.557748945492650527e+00
2.887196510292298957e+00
-2.558437835049682807e+00
-5.063708462233925900e+00
5.520214933854968642e+00
-3.442945992073193739e+00
4.317985486059773947e+00
-6.161046988216794418e+00
-1.526802768745865180e+00
-1.318675218504985480e+00
-1.338962286866594908e+00
2.440462614212581816e+00
-7.007513123717684422e+00
-2.182404359842800901e+00
3.771740970201015841e+00
4.656140639382202906e+00
-1.479986405792956816e+01
2.359689241856598230e+00
2.548647916835982130e-01
-3.781043558123696968e+00
-6.309142256976516094e+00
-3.040199755787308611e+00
-3.900299048468852448e+00
-7.320242877984255436e+00
5.028293996596038262e+00
2.221868223579628321e+00
5.212246386819574528e-02
5.317911681230462762e-01
-6.046383271211611010e+00
1.509493371875831880e+00
1.354219559849667576e+00
-6.362774718934492313e+00
-2.200384780569958121e+00
4.335724391955666057e+00
-1.611640228388865892e-01
3.550549045569716178e+00
-5.648943567496415241e+00
-1.297412394508230538e+00
-3.750362754704794632e+00
1.451368719627225801e+00
1.696299106894407771e-01
-7.239650118787038124e+00
2.589260974860282616e+00
-7.741183132719416271e+00
-4.260320583978252529e+00
-5.050666357340098500e+00
-6.460460134482071126e+00
-7.384693930998410316e+00
-7.596584032362432737e+00
-1.784119211423254692e+00
-1.020636210214964423e+00
-1.547339310411588675e+00
2.126606713575845298e+00
-3.046511911766519809e+00
6.101772973356812457e+00
-8.071740099242891375e+00
-3.237308044270267526e+00
-4.231524147521103174e+00
-4.036827214743125225e+00
-6.432492297881458931e+00
-5.085293319074027707e+00
-4.267891656240249354e+00
-6.222945385062432777e-01
2.993758968503107631e+00
-3.102477453039991229e+00
4.144314973634322996e+00
1.939105872762180827e+00
2.981918946015684746e+00
2.550443017837602966e+00
1.529637024989221050e+00
-1.297271110804975969e+01
-3.629182774580737902e+00
-2.737373336532097134e+00
-6.229663512525456248e+00
-6.261040217109733241e+00
2.432826077216237337e+00
-1.963634081898654848e+00
-3.259530546027639808e+00
-4.432472544392847880e+00
-2.819564869079801195e+00
-3.514611583230608627e+00
-1.464698395432504352e+00
-1.356796857799960621e-01
-7.031044487763712603e+00
2.952138733572100548e+00
-5.248865554100260233e+00
1.570089161177171233e+00
-1.070730491457200095e+01
2.949670151132653295e+00
3.709743986601275356e+00
7.636359606010461043e-01
-2.427125718365427787e+00
-3.043231005139091394e+00
-2.699610805800546576e+00
-3.740400305632130440e+00
4.527262418188540138e+00
-2.090789322646826154e+00
-1.152777433304129850e+00
-2.303189691942363115e+00
-1.251899800366552284e+01
-2.953764462969829641e+00
-2.502574955410205249e+00
3.241875172671134564e+00
2.707873576619593159e+00
6.571407546337483474e+00
2.457628150869919814e+00
-7.503621432225715537e-01
-1.430581528039557737e+00
-4.293102906724574730e+00
5.556193855790756864e+00
-4.939456325935031700e+00
-6.445727114690978254e+00
3.533120889024706557e+00
-1.593977632539982148e+00
1.930708514068910642e+00
-4.739914370467137594e+00
1.890362899112619122e+00
4.222425810467410834e+00
-3.001455875726493971e+00
2.219287485320301734e+00
-4.329734145737741180e+00
-1.017740819299133015e-01
1.757137806037308625e+00
4.827363008766094588e+00
4.920686580162543233e-01
4.597015568972375732e-01
-2.134804456407160878e+00
-2.794076953217332182e+00
1.156891629775005592e+00
-2.258280322291466469e+00
-6.274668653065238466e+00
1.988712355265872755e+00
3.923192214059127991e+00
-6.669787626539327441e+00
1.821351551718227491e+00
-3.403877847643551391e+00
-2.092581910976092363e+00
-5.050720142080895592e+00
-6.982008452677726851e+00
-3.240309315752500474e+00
1.228968292529064810e+00
-8.039713870693745434e-01
-3.513886838135267254e+00
-1.479959350342866742e+00
-3.610343840280678229e+00
4.199227206492231801e+00
1.540298468652583574e+00
-6.491569150099254948e+00
1.201922462304893857e+00
3.120409020551929480e+00
-5.355154869242125137e+00
-5.607504104927984123e+00
7.846004761580586129e-01
-7.458749752920486031e-01
-4.147770906119319534e+00
2.624841676920937061e+00
-4.732478634760760805e+00
-6.972245016232701431e+00
-3.053263325982152665e+00
-1.162862772185937033e+00
2.228365076237224240e+00
-1.216151977103667292e+01
5.054606998940793794e+00
1.337512798997873453e+00
-1.377162202310763250e+00
1.166281616116805697e+00
-5.189394239562679090e+00
-2.792744564097669802e+00
-8.572229233219276878e+00
-2.973433441644460995e+00
-2.365593103582708689e+00
-1.961054773715958488e+00
-8.705626298770672733e+00
-6.323107818322579732e+00
3.949974264224001441e+00
-3.529323939389051201e+00
1.544211226188237918e+00
4.351466035504079066e+00
-4.166361203471901753e+00
-2.448131547951811537e+00
-6.810155251468745341e+00
-3.320269104511203828e+00
6.124359832357522571e+00
-1.007261564091047834e+00
2.619478917054808953e+00
1.459224350944019477e+00
2.021366142233376184e+00
-4.687508661178842573e+00
5.715079433402383557e+00
-3.868211541062345660e+00
-6.780395250484745340e+00
2.835445188580318465e+00
-5.447771949615219711e+00
-5.587151085479401758e+00
-5.709872785391304495e-01
1.901474633008335857e+00
-1.938309400584331099e+00
-6.537793549456351272e+00
-4.921747382293339079e+00
-5.044595489212768236e+00
5.308081785074119097e+00
3.216642077978039360e+00
-1.486396753731237919e+00
-5.139091149006985937e+00
-1.478781851332270136e+01
-6.648521822223040445e+00
-4.081608051501813605e+00
-4.140829859307475047e+00
-4.841440759063639021e+00
-5.861146398939720559e-01
-7.425338570411001982e+00
-2.482154246805476916e-01
-3.754346413991447307e+00
-3.328491770973725394e+00
-3.206773439238168155e+00
-1.827518023073981590e+00
-5.595650563670092836e+00
-2.196224458860620121e+00
-1.923424716939059476e-01
1.733771852045997708e+00
2.464167989683684556e+00
3.152019370036428292e+00
-1.916604159100422922e-01
4.417216951080355614e+00
-1.815621882036180246e+00
-6.996399792462376643e-01
3.193693239583113908e+00
3.082288539210217060e+00
-3.414551092180579062e+00
-4.318132770436334589e+00
3.244949618903007593e+00
-4.388521843502293684e+00
-6.768913572696220626e+00
-1.702201007035042180e+00
1.041680300522540348e+00
1.895429349861951440e+00
-5.105906828891836113e+00
2.287489735650895195e+00
-1.561822585111356076e+00
-4.294065374611381714e+00
-7.127938218518213631e+00
-1.402451066564961879e+00
-4.593355132854750167e+00
-2.413404618729762419e+00
7.054730833119944311e-01
-6.564332618179795631e+00
-7.377253382516380853e+00
9.928367004131208873e-01
-4.150692882560893082e+00
-3.826227276348818762e+00
-3.066080867392265930e+00
-6.020887548664356714e+00
-2.647495238504308901e+00
-4.199133195454061607e+00
-4.446823842123727388e+00
-4.331371694859294408e+00
1.692158239316708723e+00
3.621586619923444772e+00
-6.318025049235533430e+00
-3.434714979205318208e+00
-4.534109018051819540e+00
-8.368388277146200593e+00
5.043448765061998351e+00
-2.541052363472420694e+00
3.155520603535739266e+00
-6.954609867490312070e+00
-4.560873036388906065e+00
2.042220316198563312e-01
-3.870031377078915202e+00
-4.552030739626497180e+00
-6.067725246812814888e+00
3.332679535997929987e-01
2.596001107927484952e+00
-5.230098357748413029e+00
3.329045529222540267e+00
-4.286642333962929818e+00
2.776594069406737031e+00
-7.936542604983002569e+00
-5.909343435661171817e+00
3.535044252039436508e+00
-7.010862212038830421e+00
-4.932055374897488242e+00
-3.882175016909371834e+00
-1.549255302086876840e-01
-8.158238128793575683e-01
4.118990592709005583e+00
-4.940195747944613913e+00
-1.159233419856296132e+00
1.350732683160854597e+00
-3.687894670770274441e+00
-6.035481409888854287e+00
-3.370590101240042546e+00
3.718530546265478520e+00
-3.547684665017527106e+00
-5.690601988789588006e+00
-5.200510956411108054e+00
-4.085771771391002005e+00
2.033393731700452456e+00
-1.336502362679214517e+00
2.347191353499629596e+00
-6.305287523077486966e+00
-1.412718431948689624e+00
-3.405659354915412607e+00
5.538704425041987456e+00
-2.097089048567715164e+00
2.008331325327187500e+00
2.409835081213855812e+00
3.570345864716649942e+00
-6.085657147378646492e+00
2.528801560190315989e+00
2.829453068404401694e+00
5.546110329206670464e+00
-3.137949813410676025e+00
-2.358955266875101042e+00
4.834191733692112081e+00
5.405058614261927019e+00
-4.816788150544183189e+00
-7.460082562534873674e+00
1.691244469081481627e+00
-2.364496743824949121e+00
4.250568286569649246e+00
-2.614188782198583638e+00
5.392777385049044803e+00
-6.598681867208829877e-01
-6.410492310019752615e+00
-2.602386981330742977e+00
-5.238844804273240285e+00
-2.899201327093195779e+00
-3.448041378410935387e+00
-3.329254224160937525e+00
5.351173798637918644e+00
2.002574553686756076e+00
8.925550686455931970e-01
-3.430720838483876989e+00
1.504040145094942549e+00
-3.331791758609821574e+00
4.768892618328789190e+00
-3.557551429307398205e+00
-3.194541965031195474e+00
4.523173074222994750e+00
-2.404137371306283022e+00
-3.109981073384933126e+00
-3.163041249105176700e+00
7.942286061797794172e-01
1.402108150711233181e-01
-3.089883288283074236e+00
-3.336893732619098607e+00
-5.773764035166923492e+00
-4.672101559783972569e+00
-8.703206290411148460e-01
-4.123769080301666001e+00
-2.910588265304597577e+00
-3.135589211577810786e+00
1.596855791514172562e+00
-4.612599092169195614e-01
-5.430948847125120160e+00
-6.280315387484351142e+00
4.103139576666424482e+00
-7.652727672960573102e+00
-4.260462167113371557e+00
-8.997184028931567212e+00
-3.964264271544110319e+00
8.482840524204188881e+00
-5.226886613187318176e+00
-1.857831541036027767e+00
1.627218640820202289e+00
1.330003340274340307e+00
3.095504093326184591e-02
3.502311524623855199e+00
-5.618047136629233052e+00
-1.555252811482932263e-01
-3.541502158957034574e+00
-2.842607681682050025e+00
-9.685261612958521837e+00
2.829932841357388540e+00
-3.892811839688886000e+00
-8.962496574974443408e-02
1.187270026853656457e+00
3.444605168243511706e+00
-4.012342223527448404e+00
5.980618375261716579e+00
-6.369919821690285033e+00
-3.320882699146058936e+00
-7.729123068608410918e+00
-6.379035745233090360e+00
-3.739987576561174087e+00
3.406773785435860624e+00
-2.786803278927666661e+00
-5.437674087589171812e+00
-4.145578688836804027e+00
3.660574166626942016e+00
3.583079511748390900e+00
5.649381065841646565e-02
-1.204690333990915185e+00
-4.920797395400838603e+00
6.997845130871538366e-01
-4.534117951237315758e+00
-2.881437334658960125e+00
2.061017286560799633e+00
-2.956233155904158139e+00
-3.029874359104564263e+00
-3.150274147366070920e+00
-5.915296676263009701e+00
2.116913773049189373e-01
1.736240852140683133e+00
-4.912412920461696864e+00
-3.778974328687301210e-02
-1.239638416681712707e+00
-2.733234418265177101e+00
2.756141192313786625e+00
-3.837284282908854927e+00
-2.907781788298291481e+00
-6.738872313478130316e+00
3.944734704055037344e-01
-7.057452550953972725e+00
-1.693960825516069302e-01
-8.859732733048405251e+00
-1.188570678211548781e+01
-7.559975888484685713e-01
-1.633739174987247189e+00
7.839938946250490925e-01
-4.414985186101427317e+00
-2.608872756882737676e+00
6.498894818758017777e+00
4.375727153717637208e+00
-6.874771342458118717e+00
2.122490366517904459e+00
2.432675253681560790e+00
-2.988976443326002652e+00
-5.753638385239529640e+00
-4.069793715542354029e+00
-4.056250234641261443e+00
-4.160046507103433377e+00
-4.674565461274712064e+00
-4.543562465242909632e+00
-4.188197716549071359e+00
-5.363298125303770369e+00
2.835142389520902917e+00
-5.104144189350368066e+00
1.121837449777867590e+00
-4.880387257746757967e+00
1.673089200822165612e+00
-2.804627440812976324e+00
-2.927031551321559011e+00
-4.121056755715146735e+00
-3.460795831895208341e+00
3.712882908223887335e-01
-4.151747280746272750e+00
-7.309530233815022982e+00
-4.248615057393871908e+00
-5.507708629957282831e+00
-1.941863317714314752e+00
3.320330085438677692e+00
-3.625606924803449704e+00
2.804621513738651650e+00
2.516847215755091849e+00
-4.638481492245510651e+00
-4.695686652058583377e+00
-2.693268432246332278e+00
-6.500527655326727050e+00
-7.439313673217853307e+00
1.966786590420592340e+00
-7.223835465391172050e+00
-2.179221038641694363e+00
-3.543955791558117241e+00
2.397886167023223436e+00
-5.804942854605709357e+00
-3.775996976501971858e+00
2.755395559042266296e+00
-2.568736145446527619e+00
-3.103609843691656600e+00
-6.674353804417323843e+00
6.827600525014257959e-01
-6.909341537373392406e-01
1.394553009274752231e+00
-6.459602164601286667e+00
5.682956583428284247e+00
1.025578325474242103e+00
-4.325271300579149880e+00
4.632886981202273269e+00
1.795448200940710504e-01
-2.196686633087824525e+00
-2.160053814492851387e+00
1.502584176927916015e+00
-4.618872699762237133e+00
-4.298193046539885431e-01
-4.428564630337481489e+00
-2.891541791360314750e+00
-1.735060562106531146e+00
3.724307634473666972e+00
-1.217045585255736917e+00
1.692111652640644337e+00
3.181859099687089909e-01
-6.791737822844059913e+00
-6.019311004183162339e+00
4.676460163284176907e+00
-3.225926698253420266e+00
3.081590209618418896e+00
3.983620990085699809e+00
4.897223213089666238e+00
3.442604829834999824e-01
-3.143199895388834708e+00
-3.745776752032901502e+00
-3.541511554146848262e+00
-3.641853203850135667e+00
-3.710322826327187240e+00
1.431671437166898819e+00
-4.403977827268858114e+00
3.720829251392740122e+00
-1.270972196876133165e+00
4.076467717474083763e-01
-1.497884102491801039e+00
-8.749588053263417819e+00
-4.043016132732213386e+00
-1.135961899422981425e+00
2.708635706735286863e+00
-1.487851192763735897e+00
-5.280976591093322625e+00
-2.021251739257906355e+00
2.520835640765649033e-01
2.765491659518380274e+00
-1.271478870478810919e+01
3.277476751853469761e-02
-2.129448169128310919e+00
3.794096305120299828e+00
3.435118908399334536e+00
-5.527603081017799624e+00
6.750767560658653466e+00
-5.152150538066935681e+00
1.830128876350046729e+00
4.964469250204166073e+00
-3.698877598879116047e+00
-1.343316417481008385e+00
4.700017627248381125e+00
-1.169156918973922377e+00
-3.420026383731388897e+00
-4.706064974369874143e+00
3.412488092977231435e+00
5.334011054972952692e+00
-4.421503050833050175e+00
-3.954731109178431403e+00
-9.523168833126876009e-01
-5.013647622638856660e+00
-2.907215774478234316e+00
-3.570554775822927684e+00
-2.314595873552429239e+00
-9.667799622615650179e+00
3.375010885943155348e+00
-1.696010674243610516e+00
-6.509335769358764345e+00
-3.328513104063096861e+00
-4.243274646853454790e+00
-4.233441956546372786e+00
4.306835396358571266e+00
2.257294870989117186e+00
-4.862439020741881279e+00
2.475868680701867497e+00
-3.611382395190395833e+00
5.397357720099025258e+00
3.863142643006661991e+00
-3.298384629801081491e+00
-4.785139869491088049e+00
-2.570111446873072580e+00
-3.678015995765120394e+00
-6.592807639236740513e+00
-3.987530662432740236e+00
4.543994427829147753e-01
-7.100514573680861474e+00
2.966671797177873771e+00
-6.076980338631662093e+00
9.694908580077760130e-01
-4.952824936048964233e+00
2.192897334756877203e+00
1.834795035958679987e+00
2.140073043707227285e+00
9.784689127510094730e-02
-2.450469455666899776e+00
-3.882389648378715030e+00
1.758884335145610045e+00
-1.900318709956078767e+00
3.529698957218939892e+00
-7.006194545237931948e+00
-3.451095327279691816e+00
3.371443185908610474e+00
-3.376730467444832406e+00
4.681409957868831739e+00
-8.609520743882417282e-01
3.257042066774150424e+00
-3.206617093090690096e-01
4.514267227054984843e+00
-1.230709946247660014e+01
6.224147841140014847e+00
-4.158440426074725416e+00
5.074669615625114538e+00
6.338413442793281449e-01
3.180867079711356737e+00
-4.243612865465753892e+00
-2.587145828607689158e+00
-3.553016949034367933e+00
-5.130098442692466065e+00
-5.326222049236414513e+00
-2.256552364762509200e+00
-9.342640158316747545e+00
-3.668235879198841420e+00
-3.794326619603022532e+00
-4.261935142526104947e+00
4.125739452643339078e+00
3.062237991504728640e+00
-6.789566392661346761e+00
-7.900045737830621917e+00
1.241624023757423645e+00
-2.125204977429762554e+00
3.120847522926240458e+00
2.041308659340831611e+00
2.709527848473558986e+00
2.386998921975006738e+00
-3.840129405416874420e+00
-3.747557592292188211e+00
-2.378927190711020323e+00
-7.102154845877144407e-01
-4.506062305458323536e+00
-2.506010046991012707e+00
-4.553468719198345838e+00
4.581704377077370438e+00
-5.029065336557151156e+00
-4.368533179276121281e+00
7.439359537444456549e-03
-1.182931777705423571e+00
-3.263965067290668376e+00
1.740838120612319795e+00
-4.520005246728771908e+00
1.701194341168259516e+00
1.367056896387845111e+00
-6.016214722577497120e+00
5.582502499111035021e+00
2.750981757556656415e+00
-8.346007425911503574e+00
-2.212115838734005635e+00
-2.391708738695472736e+00
2.881620216377072108e+00
-7.448785025646245117e+00
-3.042778445857137637e+00
-5.315134107449164702e+00
-3.196917841611429445e+00
-3.369459254147769478e+00
-5.070413249488181506e-01
2.173273936795069528e+00
-5.346157678453080209e+00
2.279085317103807906e+00
-9.071203810584052007e-01
-9.994134910335032984e+00
-3.694426804196722536e+00
-1.837144550846565805e+00
4.194029617301532120e+00
-8.071997824602645366e+00
-5.640263329409163973e+00
-4.840582420882185488e+00
6.054974957472185615e-01
-2.978724166358852621e+00
-6.851842438799210733e+00
3.225693306502399160e+00
6.064348083618817498e+00
-1.273971026570897003e-01
1.129415031488298693e+00
-9.253479063283475137e-01
-8.482692316422520307e+00
-3.719353083294715034e+00
-3.219515218197661177e+00
-2.946630081645808197e+00
-1.972367253310700175e+00
-8.593242463915680140e-01
-2.205871734987123745e+00
-3.804054929573851940e+00
1.965563033816101424e+00
-4.686848960956397470e+00
-3.238154700426754129e+00
-4.693164392699463505e+00
4.398765046579597993e+00
4.401371934999695590e+00
-4.231879449756537959e+00
2.077212666008593001e+00
2.268433163766843119e+00
-6.477074834734244391e+00
-3.113300411061544537e+00
3.385424712291595473e+00
4.133632929768935149e+00
3.350926235286538102e+00
1.783996199232525948e+00
1.155405662569271019e+00
-8.614175742930175517e+00
-5.599774300948632266e-01
2.036782003069244951e+00
-7.662862073789887818e-01
2.323320796881465533e+00
1.376039131040093677e+00
-6.349832734687262281e+00
-4.952287611624808683e+00
3.356395986323389646e+00
-6.140593515592715157e+00
-3.763241249390464116e+00
4.195670752993848396e+00
-6.404881116319610435e+00
3.718882193875242770e+00
1.635870688825095343e+00
-4.039395707007678027e+00
-4.093311179180663117e+00
-4.450850383067829874e+00
3.092120015912244391e+00
5.676137475865457915e+00
-2.514505769609815200e+00
-3.073624900195705667e+00
-2.797126975831893070e+00
-3.346841227334178548e-01
-3.452925048223892457e+00
4.080308088243485010e+00
-8.958661601774556615e+00
-3.457525263322717368e+00
5.182874646938865126e+00
-5.588697065365708205e+00
4.947218576380335797e+00
2.865311301974795999e+00
1.709990066837535405e+00
-1.886697191785501548e+00
3.360357096617917261e+00
-6.979347759088386560e+00
-4.081480823635373234e+00
-5.715929173523003115e+00
3.528612670908002791e+00
-3.734603645795849580e+00
-4.630877875419860956e+00
-4.025827862365755294e+00
-2.972000502390430121e+00
-1.743374269552755207e+00
1.580548984788726630e+00
-3.128650979185696901e+00
1.022091191127664445e+00
2.967913696035335391e+00
-5.260754610429619227e+00
-8.440064766067003177e+00
5.118140699079319234e+00
-3.506939185265622871e+00
3.808079920685312203e+00
-5.425480278303074222e-02
-9.230861992900711854e+00
-4.819235642881553261e+00
1.542197666110745269e+00
-7.419105919325430065e+00
2.401301785151409796e+00
-5.129809571381992228e+00
-1.700460097167585838e+00
-3.228292636357259937e+00
-7.281209381105531619e+00
-4.329937265787693335e+00
4.259716782788731670e+00
1.007443435631546258e+00
2.697098195718030222e+00
-3.035118888457251529e+00
-4.484706011082641552e+00
-7.951175603804456316e+00
-3.920611302653339347e+00
2.001310056428645456e+00
2.813357581288054465e+00
-6.539000091809051618e+00
-9.571165397059966384e-01
2.741584011609297100e+00
-1.970566400290982179e+00
-4.434495780952081745e+00
-3.150975063781617624e+00
-7.114045586021560119e+00
-3.035065525433116029e-01
-3.089146017105492081e+00
6.046204810202327806e+00
3.171568194785877814e+00
3.431504036854254203e+00
-3.783897045874950571e+00
-4.900180400043577578e+00
2.417045598896288006e+00
-5.533166683377937822e+00
-1.576930551712182105e+00
-5.598787442260762859e+00
-7.497004886750326058e+00
1.628001947796799520e+00
-1.516715226582264542e+00
3.191018965703275589e-01
-4.074490562215421718e+00
9.924449628880205321e-01
3.331932442047309539e+00
4.026482671041500261e+00
-6.008905940629102105e+00
-3.500617272532830615e+00
-2.869358848047849353e+00
-9.469853956577987120e-01
-5.629626487205978691e+00
-4.545402847515328304e+00
-5.365927397871701920e+00
-2.344511526542981450e+00
8.709514797745312453e-01
1.713277292603624158e+00
-2.127054821961054554e+00
-2.707595318423275277e+00
3.658281094684915580e+00
-1.144284460800769843e+00
4.471557297596346459e+00
1.770019930360753335e+00
-3.884067861543990752e+00
-3.698420012619918928e+00
-5.827741276137137216e-01
2.241251385554069164e-01
2.635264938336144169e+00
-1.096563609530208039e+00
4.249988398232889431e+00
-4.469176103389582266e+00
6.476386130933236007e-01
-2.731067802479987261e+00
-4.646316485573537824e-01
-5.961763252812636082e+00
-7.219823709366514741e+00
-8.272698096760819908e+00
1.178178469898002234e+00
-1.959177737764018046e+00
-5.122321437197946636e+00
-3.322246165669044071e+00
-2.886847363538792788e+00
-3.289155141890894640e+00
4.197049131652800469e+00
-5.995342550964430473e+00
-9.293846233660175926e+00
-5.904315415046708537e+00
-3.295760728956509400e+00
1.732589021489534975e+00
1.141418578146367935e+00
-7.253577881814707418e+00
-3.628974996705246703e+00
-4.556929265589594102e+00
-5.914892494161689385e+00
5.348031786760364170e+00
-4.794102735375132873e+00
-2.383875113002351664e+00
4.070086328162208389e+00
8.694547471944250594e-01
1.268856260722595053e-02
-4.532782553902297451e+00
-4.546677939932968648e+00
-5.336977136291283230e+00
8.379905721730581680e-01
-4.698169879167304330e+00
1.078352522971059102e+00
-5.372924840501458910e+00
-8.375216786860592677e+00
2.806994891275412130e+00
2.427854818991329822e+00
-6.513812540199449330e+00
2.493416541963787481e+00
-5.021667057543128365e+00
8.170045540484627278e-01
2.141740268109249001e+00
1.504852356345315334e-01
-1.954673330663833974e+00
-5.542400338605694365e+00
-4.669418626230724456e+00
-2.310202212571836444e+00
-6.137961880530247605e+00
-5.076752163748825097e+00
2.437344693797671713e+00
1.867766440476494649e+00
-5.090036772344175731e+00
-4.344607681977657343e+00
-5.370849250167692546e+00
-5.034409204373044844e+00
-6.095513752440126609e+00
-1.413975827310528999e+01
3.130539348074020900e+00
-3.343790886535837892e+00
-2.640764525080868008e+00
-5.568834494496701204e+00
-2.993672162942109249e-01
-3.487256525531953866e+00
-4.755729679217993500e+00
4.638911588156722665e+00
-1.559885732533368152e-01
-8.323791706793530754e-01
-3.379787010720089135e+00
-5.722773555450586969e+00
-5.898763543264289311e+00
3.401035098616390417e+00
6.647847561039159636e-01
3.382409599548964696e+00
-1.975441125323343483e+00
1.135435975183080259e+00
-1.500819471347999201e+00
3.669055860418962922e+00
-2.078319424545712391e+00
-7.705288798769039937e-01
-6.879076891676991323e+00
-5.110944141105564498e+00
-2.092133029495927055e+00
-2.311478333762759796e+00
-6.064585919449339890e+00
-2.277764448508050599e+00
3.156979736332096387e+00
4.188372560286477864e+00
3.087059793006190933e+00
-5.699343600308209190e+00
-3.626263519163723803e+00
-6.234248928799964951e+00
3.879659083724900537e+00
-2.871300636084225921e+00
3.087685895089378185e+00
3.178057109776867950e+00
1.172542736782237416e+00
-6.612067738648205406e+00
3.465575537800657635e+00
-2.410028657798472640e+00
7.518338528855790237e-01
2.616133723444630910e+00
-1.838169045972455340e+00
-1.540587416584169755e+00
4.079303159053418781e+00
-4.153844097305185556e+00
-6.350541082746294919e+00
-3.013533200718416349e+00
-6.356071253134235377e+00
1.100647935847581804e-01
-5.370638104936857005e+00
-7.019828500331825261e+00
-1.752113108690188659e+00
3.048300414660544355e+00
-6.204688972059027918e+00
-1.133410659031540701e-01
2.586925381007973979e+00
2.649690852125071050e+00
4.656382450695616626e+00
-4.281510805234491457e+00
3.520679635183394662e+00
2.606284204997749931e+00
-3.005623354736665309e+00
-6.678912203190708219e+00
-5.998963317412364660e+00
-2.478828342513085925e+00
1.708772140096735281e+00
-5.305584811207529228e+00
-1.691667820300682745e+00
-4.734022670943270228e+00
-4.433419166983724402e+00
-3.697601895622521617e+00
-8.827700850966863300e+00
-7.658940305708243024e+00
-3.712707112150859690e+00
-4.763261737729074241e+00
-3.056934433686924191e+00
-1.263936417929298894e-01
2.433974543812178482e+00
2.807008069491607749e+00
-2.697723550556129002e+00
-4.118970403433109162e+00
1.065744799040834412e+00
-2.938799913536012109e+00
-1.285372497443238560e+00
3.905869253907424454e+00
4.069522751739372168e+00
2.326799590936622142e+00
-2.021344865427394666e+00
1.891914580770689192e+00
-6.507572973021372498e+00
5.874069499359253044e+00
-2.146633677121284833e+00
4.176499590055885447e-01
-3.910195397958827535e+00
1.888470047715491873e+00
-8.854989111714555605e+00
-5.039858143352844877e+00
1.196689107495103821e+00
-1.043474398672346704e+00
-2.117724744670325787e+00
-3.291578903250377497e+00
-6.140954569674135222e+00
3.134303258872067843e+00
-4.993235006334466597e+00
1.381354839826549163e+00
-8.695971811095812853e+00
6.471578308770991939e+00
-3.442057371545129918e+00
-3.163469570767909023e+00
-6.817586795354986684e+00
-2.538087838542471886e+00
-2.536201913143184328e+00
-1.900208656929541995e+00
-5.829469977821341686e+00
9.988097543186003069e-02
-5.196932023436901638e+00
3.591378739308656254e+00
-4.069487885596816845e+00
-3.645829257968642878e+00
-3.085565355379416008e-02
-2.572169976811910175e+00
-1.988138725125757178e+00
-6.282760773482247707e+00
-3.370793521594219300e+00
-4.056601631071414360e+00
1.163263379645576912e+00
1.528483907170512079e+00
-3.746409889879420696e+00
6.223955482504149650e+00
3.538597171161033561e+00
2.201231623667170734e+00
-1.361902619712586360e-01
-2.557804254146713419e+00
1.371137353304294759e-01
2.929572919762025052e+00
-7.234601511663482754e+00
-4.172527749765522209e+00
-4.317781120737946843e+00
1.834658445333870569e+00
-1.600877974644400625e+00
-4.204262443972216268e+00
2.414850027718741465e+00
3.265179105745868782e+00
-3.051865196466925223e+00
-4.749803901533029560e+00
-4.430274563893025430e+00
-1.472913946420951969e+00
-2.514465592456888832e+00
-1.364585260492780172e+00
-1.009790907696400897e+00
8.693410784876582920e-01
-4.494296466640880894e+00
-2.244876811689801244e+00
-4.217071274273315851e+00
-4.155401200914567106e+00
-6.455584293563003229e+00
-4.094735968751962218e+00
-3.034846831354033103e+00
2.059028461293671786e+00
-9.533678824693632148e-01
1.546302400721075720e+00
-3.059936239462933472e+00
-4.803219973305563606e+00
-3.902760900186193815e+00
-3.809736515670870460e+00
-7.175421250860705147e-01
-6.471493260080759313e+00
-4.161837835082263126e+00
-3.660081214679575812e+00
-2.226173729950685853e+00
-1.164267446178248910e+01
1.818719868446166732e+00
7.400180209825074629e-01
1.557926413152572964e+00
-5.310449208257562503e+00
-3.613676928054626369e+00
5.375556529257288219e+00
5.326139759374490801e+00
-3.957107596043341502e+00
4.073959872982645614e+00
1.585205519721586409e+00
1.372357582551822608e+00
1.458587132630941863e+00
-4.402617646696853626e+00
5.192479447114418889e+00
-4.006907606347651196e+00
4.369019032153593773e-01
3.887868236427335589e+00
3.290698557998063656e+00
-5.967198229531065934e+00
-5.409223897157205307e+00
2.121967826482278774e+00
-2.614605264240660309e-01
-4.571226456758062717e+00
-4.647865398280558225e+00
-7.920781613898175699e-02
-4.044195013613505196e+00
-4.309867939945533521e+00
3.856847391844694606e+00
-2.743986004446891336e+00
-5.245075632537194998e+00
6.082771582591827375e+00
3.427888535412724647e+00
-5.114340735134490501e-01
-1.775304115277159367e+00
2.571539021945534742e-01
2.399289607860671580e+00
3.281361928682252405e+00
-1.177626305197668799e+01
1.738305182187227738e+00
-4.198624357976963317e+00
3.775542800948012090e+00
-8.271576228492456551e+00
1.992164827613252642e+00
1.882784221857720652e+00
-3.457424273330188758e+00
1.373912021130899497e+00
-9.916888853627628952e-01
-1.770690621019098021e+00
-2.043247528081308495e+00
-2.188245226461469795e+00
-2.156178579492995961e+00
-3.587763195969936092e+00
-3.267706586193308116e+00
-3.959727874328797359e+00
2.633348563367804651e+00
-5.217237452913034979e+00
6.648229491313002448e-01
3.041735115608680484e+00
-2.281800994652517289e+00
-3.096934057371807381e+00
-4.199999798738105028e+00
-5.417984943716100510e+00
-1.158771740350337698e+00
-4.351679089429769220e+00
-3.609007520196907404e+00
-3.406487465803305525e+00
6.052497744091969167e-01
-4.621518419198228145e+00
-3.324600140172313978e+00
-5.931253176559980744e+00
1.944770337196801258e+00
9.474513703703721923e-01
1.921568987250313221e+00
-6.771816849979048314e+00
2.497587084298837912e+00
-2.516099794035875803e+00
-8.154683677730863778e+00
-3.242929331158682427e+00
-5.211210151520964118e+00
-8.143118736980628825e+00
1.348696515049303768e+00
-6.385372798711326681e+00
1.777810808094481665e+00
3.874577930842429296e+00
-5.311417633267784488e+00
3.576581288837342054e+00
-2.619144455509113456e+00
1.816798030660999042e-01
-5.502155117642038462e+00
-6.370969426744887976e+00
2.182562353522049747e+00
-2.390905434933884077e+00
-3.313648348957825451e+00
-1.725581801737468834e-01
-2.897554205367450564e+00
-2.974378973524379521e+00
-6.902932466533043154e+00
-6.561664425669854417e+00
-5.805031326117645385e+00
4.870278502371649054e+00
2.859650843133444642e+00
-3.749530937978434064e+00
3.562384391759100932e+00
-4.654445119810099563e+00
-6.435109610985939810e+00
1.810275462164294247e+00
-1.865805720758823671e+00
-3.499715801878768406e+00
-7.800664948990545078e+00
-7.975472889007901856e+00
1.114784491400407473e+00
-1.117813136642094252e+00
2.421730951014768429e+00
3.719107481162775564e+00
-1.389717076801021689e-01
-6.199247688110717469e+00
2.252884176527383708e+00
-2.433719928495918783e-01
-6.331893450028833747e-01
-5.629708855480619611e+00
2.299396417304507612e+00
-5.931763054500250654e+00
6.152568694870703681e+00
6.616985641009140995e-01
5.854647767931475677e-01
-5.071103379087435137e+00
-2.432481355458142147e+00
2.113856758999300034e+00
-3.838254829819667702e+00
4.419609434678728022e+00
-2.465970512536951098e+00
2.712033366365713238e+00
-1.148709027553820317e+00
-6.786239715653095139e+00
4.698500002164598399e+00
-2.580235126182644834e+00
-3.835200440453554904e+00
-5.327679751525643326e+00
-1.004756178880455764e+01
-1.835932393123639539e+00
-4.269048584611520702e+00
-5.347550009471795818e+00
-4.660233765971288022e+00
-2.408457333904359565e+00
-5.606443057668547780e+00
-5.833037134388870948e-01
-3.142863026484865152e+00
2.442431568127696462e+00
-2.155340377824868536e+00
-2.062404891664108231e+00
-4.297714000498108255e+00
-5.603782124207668858e+00
4.337507604641364978e+00
2.278790611715121983e+00
1.051343781483954576e+00
-7.958467615741914969e+00
-2.140565477513435955e+00
-2.807656100754488127e-01
-4.569571252719191179e+00
-5.687379976484379540e+00
3.142211154837341258e+00
-2.549203062063423619e+00
3.049640634683684404e+00
4.539323679341022988e+00
4.435890985344961290e-01
1.011869006851859210e+00
-4.032390947958923277e+00
5.018421520517318157e+00
-3.997100035085522585e+00
-2.672046053525936493e+00
1.016544685247017021e+00
-2.187951287583674187e+00
-4.182137388952188672e+00
2.721304280374273521e+00
-7.119071061686227608e+00
-2.311663745706993289e+00
-9.644445989733483771e+00
-4.821724073542835720e-01
-5.666790875612234046e+00
2.872340788838455339e+00
-2.745949832650552924e+00
2.786391242343870367e+00
2.889051575357320711e+00
-3.628865634197526724e+00
-3.969439187073219966e+00
-3.586953907843467348e+00
-5.986914732438951781e+00
-4.118555926154462199e+00
-3.849846744531363107e+00
6.802781896141694151e-01
-1.293047656476505658e+00
-4.244074010547974396e+00
-1.620122483187282914e+00
2.088691139522709683e+00
-9.806838640346020597e-01
8.955160199230022267e-01
8.398603672995266223e-01
3.639726115240691229e+00
-3.307207522102827646e+00
-3.263247969548057625e+00
-1.479081441800547569e+00
-1.979864502563640993e+00
-2.091236701674638709e+00
-1.609684371619276355e+00
-3.409730876110704578e+00
2.201303761425411842e+00
2.529287067821514690e+00
-4.016590601059075283e+00
3.432209731573887090e+00
-6.266957230178372029e+00
3.550896008261151593e+00
-4.775794304609924268e+00
-5.891386890811014965e+00
-4.575894228335097402e+00
-1.937507614885699114e+00
-1.204348750057423256e+00
-1.070782636007554522e+00
-7.513086449449051685e+00
-6.953288289806627276e+00
-7.940337762870099958e+00
-9.010975628851538133e+00
6.897358107212198775e+00
6.564960254504625947e-01
-2.601617761618840508e+00
-4.522636234699405122e+00
-4.776718973104720156e+00
9.172094789957294658e-01
3.134892956291623900e-02
-6.101775258596410012e+00
-1.146391563002458369e+00
4.438407810902140760e+00
-9.172920537643660666e-01
-1.930727185989048689e+00
-1.840099100970713497e+00
-3.240539896880873183e+00
-7.419309235609679032e-01
2.503992087135685995e+00
9.099871705967924607e-01
-5.424737410954874051e+00
-3.141861449326356581e+00
4.218111675568731123e+00
-2.548170609971655232e+00
-1.361941900365641001e+00
-4.744167066463632842e+00
1.645508394973685506e+00
3.383689589326646985e+00
-8.371370908546152734e+00
-4.112870878863945201e+00
-2.980368191458815819e+00
-3.214474391430998779e+00
4.319612496083395925e+00
-9.000338607143179459e+00
-1.580728022247541942e+00
3.411650608977309318e+00
-5.351049258818805221e+00
-5.627036607403043789e+00
-1.189993000489315556e-01
-9.480903460212513068e+00
1.721246773702464150e+00
-1.597853959365711285e+00
-3.510836953990108089e+00
-5.726140590043827139e+00
-5.874700190957698354e+00
2.322184632257843884e+00
-3.431794546972120941e+00
1.571149261463864022e+00
-9.056201413958902435e+00
-6.616726604173400972e+00
-5.073295688856545027e+00
-5.081555548340828565e+00
3.546996485190056170e+00
-3.081800301097778583e+00
-5.648250741927054008e+00
-2.562699966543054764e+00
1.703627858069923784e+00
7.367957145864395541e-01
-2.500050618526629354e+00
-1.815434020825743566e+00
-7.238312336034888439e+00
-1.572328906479050215e+00
-2.647924570525938659e+00
-5.347109957830197047e+00
-6.925707897666514512e+00
-1.646011471496324763e+00
-3.601252246866341267e+00
-3.485698794189294070e+00
-9.441843429791550335e+00
2.327355651728654884e+00
1.886031857355373598e+00
-1.388969040225478624e+00
3.316118884464906102e+00
-6.312551559613902796e+00
-5.141682636514337545e+00
-4.022891792437903291e+00
-5.083849423043418803e+00
-2.957353828015226949e+00
3.125629607896700524e+00
-7.672923734246527294e-01
-4.856851792151776870e+00
5.866362273816898565e-01
2.936163255425092267e+00
-2.697951136901035607e+00
5.566183465964043009e+00
-1.545751918315965145e-01
-2.555721816983454353e+00
3.261343146658059577e+00
1.428289893337915117e+00
2.027525502419708747e+00
-1.960224497376811259e+00
1.469198707268874360e+00
-6.981377822181726867e-01
2.792381753399959088e+00
-5.875204885499362151e-01
-4.473432172816027119e+00
2.402973036494461034e+00
6.239326625752648070e-01
-3.148197104969414628e+00
2.964420331012818988e+00
-3.649943001295314460e+00
-2.140311094538266179e+00
-2.655062306503389369e+00
2.362417370885322221e+00
-1.834519972741366356e-01
-7.479427432236230855e-01
-3.311091366642335831e+00
-2.837548352957798503e+00
8.827052510218673653e-01
-4.242373597268276342e+00
-2.612779131198480265e+00
-3.269497169351939014e+00
2.350289430608019092e+00
2.079109769117553963e+00
4.227141851940710460e+00
-1.300493292024198499e+00
3.138376691717215117e+00
1.930166590812640415e+00
2.702226986989852975e+00
2.815082822661943318e+00
-4.471132172822962936e+00
3.045869466544367299e+00
6.718375644985121742e-01
-4.750047431540337151e+00
-5.098635151115884057e+00
1.442425106214744623e+00
1.649827641240593223e-01
1.197876237593882287e-01
-1.148054449629607277e+01
5.245402816401764312e+00
-3.351437504445204052e+00
-2.044628348388399797e-02
4.219244998083652831e+00
-4.667159361438580234e+00
1.290143474877045726e+00
-5.863321077489138666e+00
-5.465460439873865539e+00
-4.535620044109896831e+00
-4.645927369723936273e+00
-6.472936078633798829e+00
-3.564382727134454143e-01
-1.690151400821848338e+00
1.782072396931275726e-01
-2.801977173687484779e+00
-1.020506215042966147e+01
-1.778560455188645140e+00
-4.102646821849384118e+00
-2.165102334777198934e+00
2.344145091509001411e+00
5.874905257667450087e+00
-3.915911288479184460e+00
-6.673380346294189636e+00
-7.753524635405600884e-01
-4.397590622680721317e+00
-3.314723907378205325e-01
5.717376402334819474e-01
-9.358921610532577873e+00
-8.427284802802390562e-01
-6.108964744711594896e+00
-4.943030962742084533e+00
-2.342537481713049263e-01
8.808669056189183388e-03
1.720252500920099070e+00
2.262008530559567188e+00
-2.949965232331298814e+00
-4.001638683766846505e+00
2.624779687468739020e+00
1.619261782749600309e+00
-2.656912839440079832e+00
2.007214038786758081e+00
2.543992722158008313e+00
1.386458950165241122e+00
7.533106043099930815e+00
-2.813256893652695823e+00
-4.375995843110970895e+00
-4.627757382704240641e+00
-2.242422261103067527e-01
1.300183475076883699e+00
-3.263624625021833037e+00
-4.340263394158334620e+00
3.065643757919351842e-01
-4.735348264217723369e+00
-4.942847190796266332e+00
3.812335710083077256e+00
2.701860591884502338e-01
-8.031025081764243012e+00
6.861226410213622229e-01
3.339708153656804956e+00
5.346561722923878435e+00
1.904061655005316656e+00
2.193033353594731061e+00
-3.529721282729187948e+00
-6.182366330333421089e+00
7.057664162874449643e-01
1.511448311778214926e+00
2.947440860838026477e+00
1.413689734245327623e+00
4.247418589521462451e+00
-3.602401659428024594e+00
-4.043122572320881680e+00
-7.102707963543775982e+00
5.416979708649544145e-01
-4.825742128083261306e+00
-5.717700348778333108e+00
-3.259689356025672335e+00
4.008911493035921758e+00
-6.922223821894485374e-02
-1.320484965007591827e+00
-1.047255100059183874e+00
4.010736157114531686e+00
2.855824474527612900e+00
-4.296169297265927334e+00
-3.927226847542707677e+00
2.042022084780704905e+00
-4.710091436402034759e+00
-2.151175202144806065e+00
3.667426324113008285e+00
-8.215557909063461395e+00
-1.567096797702594246e+00
3.132120464215405242e+00
-7.808219260937985240e+00
-2.298780108611587103e+00
3.613367121951369221e+00
6.552146339722291213e-01
1.542118092759769965e+00
3.864803156820229901e+00
-9.189623967243651492e+00
2.976486456719838802e+00
5.270375482337501083e+00
-3.092962710231062395e+00
-4.633399432799221174e+00
-1.768877017686649733e+00
3.470893391609398471e+00
-5.223552749016082686e+00
-4.090003352027133943e+00
-5.463251043488918768e+00
3.678226170425773489e-01
3.064385064665020586e+00
4.067164546381373036e+00
-3.661181484665535724e+00
1.715938450426746087e-01
-6.879582852318225861e+00
-3.831764927934005804e+00
1.997061873692765221e+00
1.412967699999182924e+00
-3.510330024777369218e+00
6.635629999355401321e-01
4.177611357118921731e+00
-5.454886513648181001e+00
-3.982925145712773674e+00
-7.414708224892533117e+00
-2.394767520926861959e+00
-4.173777917111592295e+00
-5.265304346162865912e+00
1.379054773439704284e+00
4.414370981264245763e+00
5.609661097426772436e-01
5.487471449973827298e+00
-1.856901539316207828e+00
-5.164467865616384934e+00
-3.902278798471844556e+00
2.282789374254051928e+00
-1.471059414258948150e+00
-4.939186211572947016e+00
-1.193974949674521113e+00
-4.654017858012925224e+00
-5.592522364911022059e+00
-1.808988359887089947e+00
-4.348276504778335827e+00
1.011659309933364170e+00
3.663441592437404193e+00
-5.622102548797218269e+00
-1.071313510494215748e+00
-6.246315602490618346e+00
1.917334419659872724e+00
-4.815624040195305433e+00
-3.992166446723843798e+00
-6.264688714164545758e+00
-6.421556074374394463e+00
-9.243569807236550417e+00
1.949702232188709639e+00
-3.539791344381934213e+00
3.532331205883213698e+00
2.473600654024893153e+00
-2.333012135326114844e+00
-5.321206819034628666e+00
-1.930958417804993221e+00
-3.633574894967491198e-01
1.624796209382637135e+00
5.281222019028541936e+00
-1.743113764756826889e+00
-1.410152506278927742e+00
1.450439989288538012e+00
6.618966994219476874e+00
-3.285543181570612425e+00
-6.777523528886299609e+00
3.510741748643901317e-01
2.144261901329100439e+00
-9.121398089957458710e-01
-4.523138562932282447e+00
-5.782398479787673296e+00
-6.104547720574574399e+00
1.975836219465564980e+00
-5.153643051576256573e-01
2.862241339003183782e+00
1.859762289217480102e+00
2.100734379607272828e+00
2.545017488696497132e+00
-3.661539572363679884e+00
2.875703844768826567e+00
4.282865966918850908e+00
-3.196827156705941420e+00
-4.592350743614220576e+00
-2.950173921126695742e+00
-3.064976719620152501e+00
3.219572938634315040e+00
-4.477018143173638443e+00
-7.185900811418388656e+00
-4.260066355902281998e+00
-4.461830123970394801e+00
2.683328609517819707e+00
2.897696212840870533e+00
-5.485851274676917910e+00
2.967461212994480846e+00
3.046968427215634101e+00
-1.230271214621086573e+00
7.815810972534149581e-01
-2.888524057239056919e+00
-6.216030008179038724e+00
-1.298615750468364638e+00
-2.471971601770246885e+00
2.736785090806278742e+00
1.339818273893403022e+00
-2.775673216921383801e+00
-6.473523268507409556e-01
2.265478763783705496e+00
2.034522594754343938e+00
-8.836134958538726991e+00
-5.317160276322511869e+00
-3.953390689503144539e+00
-1.014142343905938271e+00
-3.052953624013093670e+00
2.434363317749951072e+00
-2.911362661655494843e+00
-3.895734279692921742e+00
-8.002849720068132555e+00
2.618135016588488906e+00
2.076507445479256475e+00
3.725417599018021164e+00
-3.334722588267789334e+00
8.794091655414717490e-01
8.275671888774390750e-01
-3.161645820728512746e+00
-2.664290146061418341e+00
-2.258582681957340466e+00
-3.797539119108379158e+00
-2.043879500721654807e+00
-5.130858936155727079e+00
-6.832963788775748171e+00
-6.626050971036105075e+00
-1.433769795302499928e+00
3.966092960618948560e+00
-1.998195361190360231e-01
-1.891974613492930946e+00
-2.735510417180752718e+00
-4.053861279354870284e+00
-3.445121609604264279e+00
-4.983313996598162099e+00
-5.694212528817054420e+00
-2.580517124352342595e+00
-5.276504404907057300e+00
2.220347943486629561e+00
-3.984239858516555710e+00
1.707274340680891012e+00
5.337111441346509721e+00
2.333845743173394993e-01
-2.945030593478090264e+00
-9.147520451811781417e-01
-3.942686726432163891e+00
-1.943897554530609639e+00
3.369153958355090239e+00
-3.328188176819848909e+00
-6.582933985283085931e-01
-3.272089298474574193e+00
-1.440825860017258542e-01
-2.434381427783423479e+00
-3.117068583279793081e+00
-2.407868717936452185e-01
-3.491876384056845417e+00
-2.985442756118374508e+00
-2.656499107615259980e-01
2.308354885688064240e+00
-4.648458884486117437e-02
-1.047576605989615217e+00
2.796911222627884275e+00
-5.434440118510064366e+00
-4.978739874265901477e+00
-2.121515065796628630e+00
-9.660607907687760232e+00
-2.664894228464556036e+00
-4.682846105103034340e+00
-5.820114591790307657e+00
-6.945119389545161503e+00
3.560681501967108531e+00
-4.199561664534225081e+00
-4.897080051274019574e+00
-7.625396207433565721e-02
2.875231925976097003e+00
1.584335440626623459e+00
-2.722323922591588730e+00
2.697923996773981870e+00
-3.719268261554380839e+00
-6.543640739112243310e+00
3.630497468645964787e+00
-1.916784673383268967e+00
3.363270816829464493e-01
-6.027714464342732725e+00
-3.054065978536808945e+00
-2.587215560467452491e+00
-7.703322657032559029e+00
-1.428022054193159418e+00
-3.644063092780600144e+00
1.300467982491567254e+00
-6.977994073953142973e+00
-7.851243686578672332e+00
2.363950450224522548e+00
8.152955393193579425e-01
-5.064883089568159136e+00
-5.135589678733031960e+00
-6.712887098322703139e+00
4.416694905693796969e+00
1.079207201354088763e+00
-6.706460592285928612e+00
-3.551800342238497610e+00
1.714866768833283484e+00
2.400288413124257225e+00
-2.658610537165471133e+00
-7.998229669169224287e+00
-1.049063635739851108e+01
-1.687843140308401324e+00
-2.162426806287692127e+00
-3.813074947397975478e+00
-3.599666448656210882e+00
-1.908041160425228089e+00
-3.943676841726169169e-01
-4.789704456965388601e+00
-2.839901115517215580e+00
2.922338928224484711e+00
-7.892013010501184311e+00
-3.997371440158929090e+00
-4.902501720361871484e+00
1.549046036241925606e+00
1.887808902842113001e-01
-7.874587308313772738e+00
-6.329061994219210341e+00
3.123193729434861066e-01
2.510671498962667059e+00
2.135738501636514464e+00
-1.541496654596648597e+01
1.981089945050782397e+00
-3.257451125005213388e+00
-2.988902791974958895e+00
-5.809887290583051644e+00
-3.883529920661717760e+00
-5.493609729261478947e+00
-4.639075426255129919e+00
6.095014390846234531e-02
2.918905920946319732e+00
-3.732202102818013678e+00
-7.441624714847084876e-01
-4.657677534310769474e+00
-5.853379514768360714e+00
2.102082767074924696e+00
-4.165596782334070269e+00
-5.711186778183307666e+00
-5.911861103578088805e-01
-6.641897757723103979e+00
-3.729894783841148254e+00
-8.356900946700836386e+00
1.411435214144098005e+00
-1.198532796727016958e+00
3.256138145243888005e+00
-1.535085684068510314e+00
4.129600891135510210e+00
-7.568670791372293927e+00
-4.156641140401070800e+00
-4.108876093911004723e+00
1.951099552685477967e+00
-1.575520780777377894e+00
1.367825566513398927e+00
-2.290306644696315619e+00
-3.272781370318162075e+00
3.759574523942940338e+00
-1.070604347166804082e+00
-2.821602979547723766e-01
-7.063457532060219535e+00
1.667411474807427130e+00
1.566636690868533854e+00
-8.219210224853245705e+00
-5.061957135250808371e+00
3.209072845922087414e+00
-1.262721875456968013e+00
-2.193858164583595727e+00
2.500751318797259870e+00
8.555956658058290198e-01
3.319139615270884747e+00
-5.976901635378616184e+00
-2.111408686535793944e+00
-1.951364837892747284e+00
4.137085212554596936e+00
3.926663835424824889e+00
3.857415271496402731e+00
-3.940598334033966310e+00
-1.482599818999955188e+00
-5.151689849224812434e+00
7.702241156367541919e+00
-6.851078660506394691e+00
2.306049252318710163e+00
-3.121980319061429032e+00
-1.125128611504745813e+01
-2.289281612535469357e+00
-9.238530748146228433e+00
-7.161821800614455391e+00
-9.081640473427401439e-01
-6.524086426426788599e+00
-6.389503321338817265e+00
-2.275523937127072571e+00
-4.228361131349547719e+00
-3.460052189632517816e+00
-4.068448020700577317e+00
-1.717047943942941357e+00
3.668435100382370972e+00
-3.072791323722082524e+00
4.122162028249163335e+00
-3.682883548715269573e+00
-9.830278008466411421e+00
-8.473942290643973863e+00
2.431544239082490400e+00
-4.670293195783944640e+00
-4.187752654397954188e+00
-4.035754718987857537e+00
2.206034151838737467e-01
1.538231565469294848e+00
-6.110403777226911970e+00
-4.721470734481139964e+00
1.276543721012862176e-01
-6.665607711535319169e+00
-3.039621618290004434e+00
-5.011555946777141557e+00
-6.685358732513124735e+00
1.461008739714733107e+00
1.132456511021379120e+00
1.851070354059610068e+00
6.659021741559124408e+00
-7.678718325392878796e+00
7.839005376785469770e-02
-1.821253343323542939e+00
3.192713639836651573e+00
3.201885423617546689e+00
-2.887867793649897319e+00
-4.038938977542141373e+00
9.503842386793682095e+00
1.373427053285083188e+00
-1.105081500004840045e+01
1.932967071491730193e+00
2.425245824594463695e+00
1.456203183530520473e+00
-2.706234702264654235e+00
-2.711442540745893748e+00
-7.448686545625175626e+00
7.953197507542561162e+00
-2.459006768776803575e+00
-2.386876299117871802e+00
-3.060274019382662747e+00
-7.571268744974276821e+00
-1.166482504939206022e+00
-3.095096498274233721e+00
9.676900878390881644e-02
-4.565806607984049137e+00
-1.033863210927752352e+00
-5.145155710193630938e+00
-4.292692589420882499e+00
3.680447850931355180e+00
-3.521813199792874549e+00
-4.871353092889985525e+00
5.238875788300638714e-01
1.122557785629908267e+00
-3.535433781023172628e+00
3.989947463990402898e+00
-5.864557668376436439e+00
3.811992881698786029e+00
-3.875183626382855184e+00
-7.889762216564284447e-01
-1.607306684199617752e+00
-3.838964931680458381e+00
8.231304021790971648e-01
2.027055486039273102e+00
1.732119522762115116e+00
-5.382525914090440899e+00
-4.877597667597891373e+00
-9.733133098195173361e+00
1.538300299394648407e+00
3.524898632376157970e+00
-1.141273488700327743e+00
1.067548646172698845e+00
-4.222041312748699760e+00
-4.890747162669665471e+00
-2.425508952307417587e+00
-2.590494109053001814e+00
-4.782166008640511556e+00
-5.937194717863484961e+00
-4.122189931401849528e+00
-3.254365780487590953e+00
-8.554171203391330636e+00
2.477017269705819924e+00
2.717065647425736863e+00
-4.844252214699096726e+00
-6.530595260947225089e-01
4.512719858139507600e+00
4.026381403795884495e+00
-7.663133211078283935e+00
-3.359977388756022698e+00
1.997979459389543688e+00
1.780914716996340408e+00
-3.328922622864167735e+00
-2.410673258521507822e+00
-2.823839322532277318e+00
-7.059774148042525788e+00
6.220473525388238167e-01
2.396567865478003601e+00
3.442936793731298017e+00
-5.951813249690599328e+00
-6.454541633683192892e-01
9.677205342242850561e-01
-3.508836488504880169e+00
-6.765363125203039729e+00
-2.711748231520163532e-01
1.805351104399910867e+00
-2.757107579795354368e+00
1.149718321543238941e+00
-6.603382039895027589e+00
-7.563024412211352132e-01
7.406570307737192493e-01
2.184553672938499835e-01
-1.067731345637851526e+01
-4.450521430950049151e+00
6.748145904227385472e+00
-7.498101115849261866e+00
-4.116916681797685662e+00
-2.062350525026733994e+00
7.900582842660137661e-01
1.372112243123952080e+00
-6.331390530902695879e+00
-1.965877119921296767e+00
-7.950449321969252914e-01
9.064578455067637819e-01
-5.131330789862242447e+00
1.867959836554954345e+00
1.983409352070374831e+00
-7.636564680508044489e+00
-2.033305020158336696e+00
-7.815674647199048586e+00
-7.005424271709481232e+00
-3.188963561249039902e+00
-1.899453717069596648e+00
2.817416418610574347e+00
-2.616477190353258209e+00
-6.480519558986811646e+00
-4.658061389202907243e+00
-3.189462112351321377e+00
-4.646100757415474902e+00
-5.764146250254823300e+00
-1.577286907575870867e+00
-5.648617930772427131e-01
3.492469944908682233e+00
-4.692687744963174978e+00
-7.239118815383547290e-01
5.419302059467764887e-02
2.765776253482259417e+00
-5.975339869750976973e+00
-3.542756963940799420e+00
-8.127245567824438410e+00
-4.598193752253433964e+00
-2.824779081814484449e+00
7.441181608134985304e+00
-3.059934964238077093e+00
-3.224668795707121394e+00
-1.596443253330960488e+00
-2.614622672567068928e+00
-1.238032598996273270e+00
-6.614364071846012827e-02
-8.349409710564933418e-01
-7.540531643052698740e+00
2.476179039792480108e+00
-4.166355114260784198e+00
-4.111311719300451806e+00
-2.540417863801024190e+00
2.420677721404155491e+00
-6.301758133251611937e+00
2.381220076720441892e+00
-2.892423900308061846e+00
-5.354390470596571916e+00
5.126096566415624167e+00
-4.865805116807474739e+00
1.129182590919807883e+00
-5.328862751119928021e+00
-4.686777384696402926e+00
-2.674382791010235572e+00
-7.883044024631369773e+00
2.106298512680728319e+00
5.297685053317934489e+00
2.414472644339449747e+00
-2.402702328776084251e+00
-8.621139754750986040e-01
-7.777133710044792814e+00
1.215209295858643151e-01
-1.233031095842516400e+01
4.685519026776162610e-01
7.623797182740161826e-01
1.883151897471065706e+00
-6.128709042238850380e+00
-3.229769099154751189e+00
-3.577935285021078826e+00
-4.089888057754005324e+00
3.544554413902819334e+00
5.360198217314095182e+00
-6.084565406034310620e+00
-2.420563805540169700e+00
-7.884542603853837761e+00
-5.975304079038004090e+00
-2.129883043310249580e+00
-6.812502389344295750e+00
-3.071413837398990765e+00
-1.810992492574901247e+00
3.962751609094840255e+00
4.658406748297893030e-01
-7.925629817000312549e+00
-4.038226028448575811e+00
-5.109379577107832304e+00
2.581253474511723933e+00
-4.423156606081118269e+00
-6.005902919907169846e+00
-2.696676806861888931e+00
-3.646564095290426799e+00
-6.649649493698807312e+00
7.892715518694810584e-01
-5.169357440907552892e+00
-3.812015645342456516e+00
-6.491988082157656770e+00
1.997254526886900194e+00
-3.413788752060085141e+00
-6.244084719175485354e+00
5.325099994468500686e-01
-5.470220940608046867e+00
5.171537900196842230e+00
-6.408486535113416815e-01
-2.762763828734266625e+00
2.806949098998630987e+00
4.819170958626478374e+00
-7.502863405023346033e+00
5.435908193953999046e+00
-3.073722370784370828e+00
-2.295099302247242345e+00
-1.659711103920466613e+00
1.989133854549005598e+00
2.763048946602206790e+00
-3.656777133983096562e+00
2.722432092569040840e+00
3.332805060967136690e-02
3.099825184728712824e+00
-2.196838694936398717e+00
-1.723288138894908395e+00
3.625509285971573181e+00
-4.082364930801542613e+00
-7.143526871498430353e+00
-3.453534229231981723e+00
-7.151029858725226340e+00
3.406211937396725897e+00
-1.458969631005525258e+01
-2.841593922847760911e+00
-3.287543035723416995e+00
2.131026084754098271e+00
-3.630112593139791510e+00
-4.117211318534599762e+00
-5.025449780220937690e+00
-4.830438170395342290e+00
-5.131992144598235051e+00
-5.296535889539851105e+00
3.939293471948882797e+00
-2.003236209485973474e-01
-4.299639608049496076e+00
-2.958094029420413662e+00
-1.986141530113335163e+00
1.048355335840826852e+00
1.862703256049869527e+00
-7.888348698943894455e+00
-5.120510077024413853e+00
-4.628655750952471948e+00
-1.581056740892380574e+00
-1.732755741298814822e+00
-3.056110512906782262e+00
-4.643696704518909257e+00
-6.734214718157756074e+00
-2.260835243394057059e+00
-6.532518912973817926e+00
2.690982952100520631e+00
-2.591883108506740641e+00
-4.835382487960297127e+00
-3.573189640672747025e+00
2.956347249268423294e+00
-3.004832683445904262e+00
-9.404766944113616134e+00
-2.732571839647433887e+00
2.267255420274009392e+00
-2.856834822820874198e+00
-2.090375120402186315e+00
-2.197164539156494012e+00
4.296739385596415772e+00
7.069308414984291744e+00
1.286721433652915803e+00
-1.896807743368508437e+00
-3.786377287676949255e+00
-2.157625099799735047e+00
4.163327166956190872e+00
-1.256336261898069351e+00
-8.631772709258362042e+00
4.893442356132765347e+00
-6.483576481916784040e+00
-4.773238166592904008e+00
-4.616369932211984661e+00
4.470897425795224756e+00
2.903460461432634698e+00
-9.664827205241995900e-01
-5.089081981549750999e+00
-5.064649219530838131e+00
-1.600544092368523463e+00
1.912638539679758276e+00
-6.277757733945003693e+00
2.621895940803113945e+00
-3.174870552603260787e+00
-4.183866747905979899e+00
-5.865488224718356847e+00
-1.022853349125726119e+01
3.202675965190497465e+00
-6.655587311650625004e+00
-3.235125806624021383e+00
-6.735881435540823858e+00
-2.412048559911110335e+00
-1.327680954497074950e+01
-3.523213819610286013e+00
-4.360403877363677516e+00
-2.568416502672857593e+00
4.512829855319902883e+00
-3.958241302551999269e-02
-7.222924661811712888e+00
-3.196239337985005591e+00
2.771368590221278350e+00
-7.860247824841133379e-01
-4.714644818874697663e+00
-7.275444281516205258e+00
2.086517861574765043e+00
1.024869695489579957e+00
4.009075189200239642e+00
-4.926116162952678401e+00
-3.538723231234727873e+00
-7.728666313428888657e+00
-3.676496459592385246e+00
-3.941074674505227193e+00
1.388565015108966350e+00
-1.265880955779164374e+00
-4.565749019511132545e+00
9.581554561396360414e-01
-3.126456101811824873e+00
4.927425483123108130e+00
-1.277119570123113501e+00
-2.363496450595714116e+00
7.297961903779814463e+00
6.170794922582580888e-01
2.881252754006259131e+00
-2.363147485806762038e+00
-3.607640499157778624e+00
-2.757181201439323992e+00
-6.778016128268852469e+00
-7.734836788580129685e+00
2.146686150097405932e+00
-8.122387678222153795e+00
-5.554795665748158973e-01
-8.296127321257772635e+00
3.453697530995827325e+00
-7.293677877388138775e+00
-5.628065679183578141e+00
2.807582599210802332e+00
-7.032883983604931721e+00
1.081310434364080697e+00
-8.236440759589033433e+00
-7.451784936708900631e-01
-6.393724149674322454e+00
-4.497162022584086927e+00
-6.034010478879857864e+00
-2.726615273377157145e+00
3.709228168660721803e+00
-5.887312821890881231e+00
-1.910534077878178971e+00
-6.550938970050641963e+00
-6.637086002524544170e+00
-4.645718228968208408e+00
3.891952765678654558e-01
-3.571600157750863147e+00
1.880899355742876589e+00
-2.414900213245751104e+00
-5.057919944350588004e+00
-4.583468957422720536e+00
-4.346493815917515491e+00
-5.695966458994533355e+00
3.332489264976917775e-02
-4.297483361869457674e+00
-7.966101512565053611e+00
-3.992662855896440988e+00
5.283474790415691125e+00
8.874905513264550461e-01
-4.323237905552974603e+00
4.419327376046832789e+00
-4.798868017355287563e+00
-2.859219819685381747e+00
3.019540572940941026e+00
1.754759930720088290e+00
-1.969094601765099262e-02
-4.231664335059138082e+00
5.592534373729297625e-01
-5.027075676353914169e+00
-5.468601246956930062e+00
-6.931297137620476612e+00
3.586462015030243311e+00
3.531803009019301776e+00
2.637495102537641412e+00
-2.248557432645802656e+00
-5.812773183581881220e+00
-2.829023864046298797e+00
-5.917855577344958817e+00
-3.824714675218885862e+00
-3.568659609640225217e+00
-4.037787716801718219e+00
2.270747855525026893e+00
-6.907175868358664594e+00
3.291126525064611563e-01
2.268843058746363717e+00
1.760111258459423178e+00
7.090567355158163831e-01
2.241594290531182310e+00
2.513615256991333702e+00
-3.758187099163779799e+00
-2.791130063668620931e+00
5.088457107212420283e+00
6.075038122438520816e-01
-2.237682357927079924e+00
3.061592936532961495e+00
-7.641024092184428795e+00
-3.232292584807945346e+00
-1.814307125369969409e+00
-3.870246792272446168e+00
3.010632964539629697e+00
-3.661613396737374515e+00
-3.605450802481611650e+00
-3.894579131523032256e+00
2.989561276928487832e+00
-5.389387834427993518e+00
-5.194427472858236250e+00
2.180020518539926400e+00
-2.793393704251967868e+00
-2.046777646953766849e-01
6.142156176123290123e+00
-2.511864884094249462e+00
9.072614224533301908e-01
