1.798620996209155873e-02 5.744582623820176925e-01 5.183020655955044020e-01
1.947050597740026048e-02 5.470911045169808418e-01 5.063638806462260611e-01
2.107466348342939416e-02 5.268369638895002982e-01 4.935462048618752262e-01
2.280791181868767684e-02 5.367235563391316022e-01 4.817235563391315534e-01
2.468011425213936100e-02 5.083186918033171242e-01 4.703873836066344016e-01
2.670179831666652168e-02 4.932603643214759637e-01 4.502707286429518674e-01
2.888418518157076856e-02 4.689828578105335599e-01 4.317157156210670865e-01
3.123921749825525618e-02 4.441755576812657647e-01 4.146011153625314694e-01
3.377958505219922497e-02 4.500390657754519408e-01 3.988151096257531725e-01
3.651874744261100758e-02 4.523531923790575782e-01 3.813554726498129543e-01
3.947095288889796577e-02 4.404520357331755953e-01 3.652392041140153922e-01
4.265125213094285439e-02 4.474680227267074928e-01 3.503740303022767066e-01
4.607550624931942146e-02 4.184346222006006255e-01 3.366628296008009058e-01
4.976038708393502874e-02 4.014495149093713078e-01 3.240160198791617319e-01
5.372336877796518584e-02 3.839507299040874622e-01 3.123509732054499111e-01
5.798270882223590522e-02 3.571311069975068309e-01 3.015914759966757952e-01
6.255741682857327013e-02 3.459379233079906690e-01 2.916672310773209542e-01
6.746720912569881268e-02 3.393861653272831069e-01 2.825133983927397008e-01
7.273244715626792090e-02 3.186001428138816038e-01 2.736801856580460823e-01
7.837405756866340500e-02 2.996103218374751020e-01 2.652434183887176222e-01
8.441343185407770844e-02 2.898743011524099189e-01 2.566864517286148173e-01
9.087230339198726359e-02 2.768529710922593146e-01 2.484044566383889763e-01
9.777259985079930771e-02 2.678112838514982719e-01 2.407653870702248511e-01
1.051362690620639695e-01 2.588941776526763050e-01 2.337193331627404613e-01
1.129850767638601455e-01 2.530262076179207176e-01 2.272202595224009081e-01
1.213403750094747685e-01 2.407305635610178518e-01 2.212257044512722648e-01
1.302228405778755038e-01 2.338072020188129430e-01 2.156965025235162148e-01
1.396521834167601395e-01 2.250169915383345987e-01 2.105965286980784057e-01
1.496468260068010148e-01 2.171901339896337157e-01 2.058924622957312156e-01
1.602235555603075401e-01 2.103035692984142890e-01 2.015535692984142813e-01
1.713971521533434184e-01 2.007216016517612556e-01 1.945231032002874560e-01
1.831799972206518134e-01 2.009801487149804056e-01 1.864922453797177027e-01
1.955816682874619572e-01 1.939403754196311058e-01 1.790016194423912910e-01
2.086085273260449846e-01 1.934783237265770006e-01 1.720924855898654515e-01
2.222633116461385783e-01 1.854798019971938827e-01 1.657197029957908629e-01
2.365447376792273460e-01 1.799275032409143049e-01 1.577385932974410543e-01
2.514471293046626199e-01 1.731008199999208297e-01 1.503452874998515987e-01
2.669600833870328094e-01 1.668149753599735552e-01 1.435259188922619056e-01
2.830681858395915906e-01 1.565023583917228567e-01 1.372359331295545937e-01
2.997507916902141245e-01 1.506742845132036657e-01 1.314342345894539965e-01
3.169818822075857190e-01 1.425515656467236936e-01 1.260829178742763346e-01
3.347300110709839904e-01 1.380078147810754607e-01 1.211470201560119753e-01
3.529583497941959358e-01 1.321691480142373198e-01 1.165942927466872558e-01
3.716248401421150538e-01 1.272747698857269183e-01 1.113854314332254486e-01
3.906824581564393717e-01 1.231808612471331221e-01 1.061349399042712111e-01
4.100795907374460980e-01 1.146191097719753693e-01 1.012920403831070876e-01
4.297605216677122253e-01 1.061635892914070817e-01 9.682509178548447115e-02
4.496660197129980219e-01 9.941681685108920419e-02 9.270490930253130757e-02
4.697340172317585605e-01 9.877170676013603823e-02 8.890457372180200768e-02
4.899003638215688738e-01 9.482150873902761568e-02 8.539925555060165485e-02
5.100996361784312372e-01 9.397910168360736061e-02 8.555387325847058078e-02
5.302659827682416616e-01 9.533095178035699835e-02 8.799334474263750816e-02
5.503339802870020891e-01 9.988216121832811656e-02 9.048731496749110037e-02
5.702394783322879412e-01 1.030266714952628448e-01 9.319118472192911007e-02
5.899204092625540685e-01 1.035923443739414640e-01 9.612261973911898072e-02
6.093175418435606838e-01 1.115299002876324608e-01 9.871576981594737399e-02
6.283751598578851683e-01 1.161600215971599626e-01 1.015050934407043387e-01
6.470416502058041752e-01 1.162965768372202918e-01 1.045291743656329431e-01
6.652699889290161206e-01 1.166736508198144007e-01 1.077064242487109497e-01
6.830181177924143920e-01 1.176164028122041322e-01 1.104245957005051265e-01
7.002492083097858755e-01 1.209948773344094175e-01 1.133715360860161614e-01
7.169318141604085204e-01 1.294346601852974787e-01 1.165664992403910305e-01
7.330399166129673016e-01 1.342207295533029698e-01 1.197230405985789253e-01
7.485528706953376021e-01 1.294903159309895024e-01 1.229006769428099832e-01
7.634552623207727651e-01 1.367817360680354255e-01 1.263457520748811624e-01
7.777366883538615605e-01 1.408030339908936390e-01 1.280993087778919681e-01
7.913914726739550431e-01 1.432624205662931804e-01 1.299399325384911763e-01
8.044183317125381816e-01 1.512162411384915528e-01 1.319354683576392517e-01
8.168200027793484086e-01 1.478703953327293041e-01 1.340989540687042292e-01
8.286028478466566094e-01 1.525160398615024449e-01 1.364445248056806725e-01
8.397764444396924599e-01 1.540348068631623990e-01 1.389875053550887196e-01
8.503531739931989852e-01 1.640346439285032265e-01 1.417445102804671953e-01
8.603478165832399993e-01 1.725777498682052324e-01 1.447335524736253209e-01
8.697771594221246350e-01 1.726696331591544287e-01 1.479741608418722876e-01
8.786596249905253009e-01 1.752348912694214056e-01 1.514875079001339331e-01
8.870149232361399516e-01 1.834026390418608821e-01 1.552965481015802784e-01
8.948637309379361415e-01 1.928031676327533195e-01 1.594261678105459989e-01
9.022274001492007756e-01 2.047965180189467715e-01 1.620859293229718057e-01
9.091276966080128474e-01 2.148451792473706767e-01 1.640275261715468391e-01
9.155865681459223193e-01 1.856107145250360246e-01 1.661325332569792146e-01
9.216259424313367754e-01 1.810367591079010408e-01 1.684147036431604127e-01
9.272675528437320791e-01 1.905010582506284633e-01 1.706903755845519122e-01
9.325327908743011873e-01 2.011416934382224686e-01 1.720316173761690659e-01
9.374425831714268131e-01 2.110352665724709587e-01 1.734857418390843564e-01
9.420172911777641156e-01 2.221964933793610653e-01 1.750622494955443309e-01
9.462766312220348697e-01 2.346768744231300663e-01 1.767714404583964893e-01
9.502396129160649574e-01 2.246618613337364179e-01 1.786244817268767271e-01
9.539244937506806687e-01 2.353208058307003636e-01 1.806334801461996764e-01
9.573487478690571040e-01 2.212215697687975324e-01 1.828115615076319478e-01
9.605290471111022077e-01 2.005098470379315656e-01 1.851729563058510108e-01
9.634812525573891451e-01 2.075973329687463564e-01 1.877330927138813610e-01
9.662204149478008652e-01 2.151157554218677825e-01 1.905086973830650565e-01
9.687607825017446883e-01 2.244128586336043285e-01 1.935179047266382402e-01
9.711158148184292349e-01 2.355279639165974159e-01 1.967803754009216644e-01
9.732982016833335859e-01 2.003174247582185930e-01 2.003174247582185930e-01
9.753198857478605488e-01 2.100538014549325483e-01 2.041521621106702211e-01
9.771920881813124238e-01 2.174899695838023450e-01 2.072131147540983709e-01
9.789253365165707654e-01 2.272432559724428813e-01 2.072131147540983709e-01
9.805294940225998124e-01 2.354086833898165754e-01 2.072131147540983986e-01
9.820137900379084517e-01 2.472640809840533083e-01 2.072131147540983709e-01
