1.798620996209155873e-02 6.687499999999999556e-01 5.400000000000000355e-01
1.947050597740026048e-02 6.512499999999999956e-01 5.400000000000000355e-01
2.107466348342939416e-02 6.337500000000000355e-01 5.347962048618752906e-01
2.280791181868767684e-02 6.237500000000000266e-01 5.229735563391315623e-01
2.468011425213936100e-02 6.162499999999999645e-01 5.120686918033171553e-01
2.670179831666652168e-02 5.962499999999999467e-01 5.020103643214759437e-01
2.888418518157076856e-02 5.749999999999999556e-01 4.910294293726402692e-01
3.123921749825525618e-02 5.587499999999999689e-01 4.783511153625314982e-01
3.377958505219922497e-02 5.412500000000000089e-01 4.625651096257532013e-01
3.651874744261100758e-02 5.435504560541511987e-01 4.476054726498129299e-01
3.947095288889796577e-02 5.469148673523358539e-01 4.309040714663512350e-01
4.265125213094285439e-02 5.479060075755691761e-01 4.135613686859894722e-01
4.607550624931942146e-02 5.455542765336003352e-01 3.975649678676010379e-01
4.976038708393502874e-02 5.213386732930539447e-01 3.828103565256886776e-01
5.372336877796518584e-02 5.165004055022708318e-01 3.692011354063582385e-01
5.798270882223590522e-02 4.920172816652815251e-01 3.566483886627883071e-01
6.255741682857327013e-02 4.741321796155503754e-01 3.450701029235411221e-01
6.746720912569881268e-02 4.578180826636415457e-01 3.343906314581963080e-01
7.273244715626792090e-02 4.455500714069407509e-01 3.245401999394342818e-01
7.837405756866340500e-02 4.248051609187374900e-01 3.154544505724651282e-01
8.441343185407770844e-02 4.014245806914459314e-01 3.070740216133737710e-01
9.087230339198726359e-02 3.924823768738074925e-01 2.962059421845186225e-01
9.777259985079930771e-02 3.696582064374532295e-01 2.837756451170413974e-01
1.051362690620639695e-01 3.614815998976442790e-01 2.712760885704487701e-01
1.129850767638601455e-01 3.539801730149338965e-01 2.591444844418150373e-01
1.213403750094747685e-01 3.412338029675148765e-01 2.479546483090416253e-01
1.302228405778755038e-01 3.262976683490107499e-01 2.376334713772302598e-01
1.396521834167601395e-01 3.144374543785908305e-01 2.281135202364130421e-01
1.496468260068010148e-01 3.022139698365849947e-01 2.193325962853649169e-01
1.602235555603075401e-01 2.874928554387314317e-01 2.112333293570400061e-01
1.713971521533434184e-01 2.749613013420560415e-01 2.037628028905822397e-01
1.831799972206518134e-01 2.621861041004863169e-01 1.968722082009725927e-01
1.955816682874619572e-01 2.479552815647232955e-01 1.901837320682805976e-01
2.086085273260449846e-01 2.472653704911347006e-01 1.820183920607501005e-01
2.222633116461385783e-01 2.310961926339401840e-01 1.744869217222982383e-01
2.365447376792273460e-01 2.185782636877515450e-01 1.675401141911155856e-01
2.514471293046626199e-01 2.065423499999340384e-01 1.611325824998713907e-01
2.669600833870328094e-01 1.976632474338227696e-01 1.552224630399603178e-01
2.830681858395915906e-01 1.861091643357624392e-01 1.497711420456139808e-01
2.997507916902141245e-01 1.732967969941411057e-01 1.439710815073447780e-01
3.169818822075857190e-01 1.643997507245657796e-01 1.375495014491315837e-01
3.347300110709839904e-01 1.540980134373413357e-01 1.316264241872143748e-01
3.529583497941959358e-01 1.521691480142373099e-01 1.261631512960247059e-01
3.716248401421150538e-01 1.463072147567686943e-01 1.199732070780165361e-01
3.906824581564393717e-01 1.363627494485624148e-01 1.138619792328402769e-01
4.100795907374460980e-01 1.217891733596914161e-01 1.082251617573869590e-01
4.297605216677122253e-01 1.195336727633002638e-01 1.030259265044163319e-01
4.496660197129980219e-01 1.135218958446148202e-01 9.823030427015941313e-02
4.697340172317585605e-01 1.092326624140247116e-01 9.380696285652365130e-02
4.899003638215688738e-01 9.948538214481461583e-02 8.972700236217569236e-02
5.100996361784312372e-01 1.024639471520227413e-01 8.950817183573830937e-02
5.302659827682416616e-01 1.063207801538967462e-01 9.312303119978870836e-02
5.503339802870020891e-01 1.070946347851125663e-01 9.704212726741578976e-02
5.702394783322879412e-01 1.109340286662818670e-01 1.012525607409585915e-01
5.899204092625540685e-01 1.076957949562316746e-01 1.033764539056372667e-01
6.093175418435606838e-01 1.115829515158693053e-01 1.053438818361102092e-01
6.283751598578851683e-01 1.178344464768456695e-01 1.074768940197478734e-01
6.470416502058041752e-01 1.218667597073298664e-01 1.097894264917520929e-01
6.652699889290161206e-01 1.260939227460617096e-01 1.122965881831371610e-01
6.830181177924143920e-01 1.281786983200614016e-01 1.150147596349313517e-01
7.002492083097858755e-01 1.337510736789831733e-01 1.179617000204424004e-01
7.169318141604085204e-01 1.386149880541499013e-01 1.207265081844922650e-01
7.330399166129673016e-01 1.453682705369095385e-01 1.236574668280871203e-01
7.485528706953376021e-01 1.456705563088008526e-01 1.268351031723182198e-01
7.634552623207727651e-01 1.331031019305227436e-01 1.302801783043893713e-01
7.777366883538615605e-01 1.377334230341538679e-01 1.340152006228377546e-01
7.913914726739550431e-01 1.400317860109100698e-01 1.380645728961559793e-01
8.044183317125381816e-01 1.477006533376260533e-01 1.424547516982817841e-01
8.168200027793484086e-01 1.590176989511492556e-01 1.472144202626246845e-01
8.286028478466566094e-01 1.607579020703777117e-01 1.523746758839728821e-01
8.397764444396924599e-01 1.756799287429643697e-01 1.579692330926706079e-01
8.503531739931989852e-01 1.715781016946491544e-01 1.640346439285032265e-01
8.603478165832399993e-01 1.778400882171738417e-01 1.699712357581574518e-01
8.697771594221246350e-01 1.812411241577877308e-01 1.740280094036893987e-01
8.786596249905253009e-01 1.880800914473738372e-01 1.782440258736033289e-01
8.870149232361399516e-01 2.018312675579618798e-01 1.828148741153389489e-01
8.948637309379361415e-01 2.013933809253001250e-01 1.877704177660978468e-01
9.022274001492007756e-01 2.202967905205442389e-01 1.931430338705546756e-01
9.091276966080128474e-01 2.290852088714900869e-01 1.989678244162798870e-01
9.155865681459223193e-01 2.428723167490054458e-01 2.052828456725769857e-01
9.216259424313367754e-01 2.531679066488846663e-01 2.121293568311205524e-01
9.272675528437320791e-01 2.691895828407924185e-01 2.195520895728852728e-01
9.325327908743011873e-01 2.811416934382224286e-01 2.275995403225882507e-01
9.374425831714268131e-01 2.969369059167332736e-01 2.363242871000799106e-01
9.420172911777641156e-01 3.133440343629675939e-01 2.457833330388397852e-01
9.462766312220348697e-01 3.057742864237499858e-01 2.560384788159527636e-01
9.502396129160649574e-01 3.236782547763594198e-01 2.662371627327443924e-01
9.539244937506806687e-01 3.389273632077495768e-01 2.762821548293590834e-01
9.573487478690571040e-01 3.294182910802729292e-01 2.871725616365204958e-01
9.605290471111022077e-01 3.456828033437825964e-01 2.989795356276158111e-01
9.634812525573891451e-01 3.631992781416440996e-01 3.117802176677675341e-01
9.662204149478008652e-01 3.846408462475557344e-01 3.256582410136859007e-01
9.687607825017446883e-01 4.094061731963080653e-01 3.407042777315517634e-01
9.711158148184292349e-01 3.863476360477449689e-01 3.554688999910855518e-01
9.732982016833335859e-01 3.642518509877268329e-01 3.590059493483825359e-01
9.753198857478605488e-01 3.812013424385390925e-01 3.628406867008340808e-01
9.771920881813124238e-01 3.958506253215072213e-01 3.669981663051137821e-01
9.789253365165707654e-01 4.128170264642461729e-01 3.715055510544100215e-01
9.805294940225998124e-01 4.327857325701444102e-01 3.763922899471935923e-01
9.820137900379084517e-01 4.452968678692991733e-01 3.816903104922499956e-01
