1.798620996209155873e-02 8.074999999999999956e-01 5.232082623820176748e-01
1.947050597740026048e-02 7.974999999999999867e-01 5.120911045169808107e-01
2.107466348342939416e-02 7.874999999999999778e-01 5.018369638895002760e-01
2.280791181868767684e-02 7.787499999999999423e-01 4.923788450713052489e-01
2.468011425213936100e-02 7.650000000000000133e-01 4.836549534426536900e-01
2.670179831666652168e-02 7.512499999999999734e-01 4.756082914571808096e-01
2.888418518157076856e-02 7.249999999999999778e-01 4.681862862484268417e-01
3.123921749825525618e-02 7.149999999999999689e-01 4.613404461450126282e-01
3.377958505219922497e-02 6.949999999999999512e-01 4.550260438503013205e-01
3.651874744261100758e-02 6.837499999999999689e-01 4.492018242166042619e-01
3.947095288889796577e-02 6.662500000000000089e-01 4.438297347046717967e-01
4.265125213094285439e-02 6.487500000000000488e-01 4.388746767674255866e-01
4.607550624931942146e-02 6.300000000000000044e-01 4.300649678676009557e-01
4.976038708393502874e-02 6.237721683232634318e-01 4.153103565256886509e-01
5.372336877796518584e-02 6.053000811004541903e-01 3.982015409086290259e-01
5.798270882223590522e-02 5.925569126661126562e-01 3.811656703280699166e-01
6.255741682857327013e-02 5.684028718462201812e-01 3.654522825390915108e-01
6.746720912569881268e-02 5.531272330654566360e-01 3.509587141218378781e-01
7.273244715626792090e-02 5.463300428441644208e-01 3.375902713463750371e-01
7.837405756866340500e-02 5.256330965512424624e-01 3.252596114912026937e-01
8.441343185407770844e-02 4.913372903457228769e-01 3.138861721895787604e-01
9.087230339198726359e-02 4.734308913276777941e-01 3.033956450752927081e-01
9.777259985079930771e-02 4.519030774140450069e-01 2.937194902889514458e-01
1.051362690620639695e-01 4.410751555100641541e-01 2.847944886728045466e-01
1.129850767638601455e-01 4.193420692059736110e-01 2.765623287283744958e-01
1.213403750094747685e-01 4.034902817805089414e-01 2.689692256382781865e-01
1.302228405778755038e-01 3.881583678443075724e-01 2.619655698631205287e-01
1.396521834167601395e-01 3.738579172188470912e-01 2.546532888162849617e-01
1.496468260068010148e-01 3.659878056835362270e-01 2.440942378158524051e-01
1.602235555603075401e-01 3.390559508188372151e-01 2.331023755559828714e-01
1.713971521533434184e-01 3.236211011355858980e-01 2.229638039229330237e-01
1.831799972206518134e-01 3.109361041004862769e-01 2.136122825584628182e-01
1.955816682874619572e-01 2.927582627937417303e-01 2.049867132972990336e-01
2.086085273260449846e-01 2.685647661772115891e-01 1.970307409822693312e-01
2.222633116461385783e-01 2.617125832706864719e-01 1.896923852678803479e-01
2.365447376792273460e-01 2.534790241345888373e-01 1.829237010067280012e-01
2.514471293046626199e-01 2.376381149999406417e-01 1.766804649998746646e-01
2.669600833870328094e-01 2.204609435322883448e-01 1.709218870645767274e-01
2.830681858395915906e-01 2.107159702798020173e-01 1.645774930072873565e-01
2.997507916902141245e-01 2.030149251143754940e-01 1.552947753431264122e-01
3.169818822075857190e-01 1.918997507245658041e-01 1.467326685988420976e-01
3.347300110709839904e-01 1.802947463227632663e-01 1.388352322496191615e-01
3.529583497941959358e-01 1.696212434086081522e-01 1.315508683946995938e-01
3.716248401421150538e-01 1.633835474502060292e-01 1.248319846424956192e-01
3.906824581564393717e-01 1.526127494485624014e-01 1.186346831656971551e-01
4.100795907374460980e-01 1.395958612222634176e-01 1.129184738948149358e-01
4.297605216677122253e-01 1.382836727633002805e-01 1.076460099763095202e-01
4.496660197129980219e-01 1.297718958446148207e-01 1.026904622572106518e-01
4.697340172317585605e-01 1.237229013274968592e-01 9.796911307777313171e-02
4.899003638215688738e-01 1.119853821448146131e-01 9.337197449259232451e-02
5.100996361784312372e-01 1.063785010337714027e-01 9.280673270808799391e-02
5.302659827682416616e-01 1.088441259545986362e-01 9.620250968643835610e-02
5.503339802870020891e-01 1.020690222135780811e-01 9.988408478026986059e-02
5.702394783322879412e-01 1.045312492655487563e-01 1.038755115606307261e-01
5.899204092625540685e-01 1.091966544250596860e-01 1.082028680145776661e-01
6.093175418435606838e-01 1.175199583456228575e-01 1.128944269257053795e-01
6.283751598578851683e-01 1.213296903537512544e-01 1.165870606538191023e-01
6.470416502058041752e-01 1.238483233088588376e-01 1.196111415787476928e-01
6.652699889290161206e-01 1.249582969263540039e-01 1.228897376367127786e-01
6.830181177924143920e-01 1.264442695352128720e-01 1.264442695352128720e-01
7.002492083097858755e-01 1.332794693820324727e-01 1.302979608085734764e-01
7.169318141604085204e-01 1.367815767355534951e-01 1.344759895489098245e-01
7.330399166129673016e-01 1.423254414227617115e-01 1.390056529071927727e-01
7.485528706953376021e-01 1.482612451894738115e-01 1.428021413049900545e-01
7.634552623207727651e-01 1.611998368387675407e-01 1.467736073305708211e-01
7.777366883538615605e-01 1.668020858687394303e-01 1.508481771325144993e-01
7.913914726739550431e-01 1.739782257327200377e-01 1.552656741579525601e-01
8.044183317125381816e-01 1.845266744201965459e-01 1.600549601239079911e-01
8.168200027793484086e-01 1.960667605964248050e-01 1.652473258304638648e-01
8.286028478466566094e-01 2.086267545293941095e-01 1.708766955992073733e-01
8.397764444396924599e-01 2.091341069287976639e-01 1.769798489177867029e-01
8.503531739931989852e-01 2.214141672684196427e-01 1.835966607386950167e-01
8.603478165832399993e-01 2.193196072306455024e-01 1.907703620022745961e-01
8.697771594221246350e-01 2.317329274364762492e-01 1.985478220860672494e-01
8.786596249905253009e-01 2.406678357689863990e-01 2.069798550258952208e-01
8.870149232361399516e-01 2.503785153146950715e-01 2.161215515093664330e-01
8.948637309379361415e-01 2.669671514171034210e-01 2.250818438178133762e-01
9.022274001492007756e-01 2.601780743123265349e-01 2.340362039919081649e-01
9.091276966080128474e-01 2.742380105687956537e-01 2.437441882347834432e-01
9.155865681459223193e-01 2.859201113608786926e-01 2.511844850168393206e-01
9.216259424313367754e-01 3.031138587434291098e-01 2.571023328783927919e-01
9.272675528437320791e-01 3.160055529831639620e-01 2.632879434965301191e-01
9.325327908743011873e-01 3.357669832760482587e-01 2.699941524546158877e-01
9.374425831714268131e-01 3.325452541699719933e-01 2.772647747691922571e-01
9.420172911777641156e-01 3.461900727615804807e-01 2.832195353718789388e-01
9.462766312220348697e-01 3.627232087856454568e-01 2.883471082604354141e-01
9.502396129160649574e-01 3.788883077160485890e-01 2.939062320658761274e-01
9.539244937506806687e-01 3.960210586530550914e-01 2.999332273238449198e-01
9.573487478690571040e-01 3.919918893764844370e-01 3.064674714081417339e-01
9.605290471111022077e-01 4.087795136829002196e-01 3.135516558027990341e-01
9.634812525573891451e-01 4.297003058286354982e-01 3.212320650268900013e-01
9.662204149478008652e-01 4.482136154158519181e-01 3.295588790344410324e-01
9.687607825017446883e-01 4.610588883331955823e-01 3.385865010651605833e-01
9.711158148184292349e-01 4.807148016304298443e-01 3.483739130880109114e-01
9.732982016833335859e-01 4.999895559057596639e-01 3.589850611599017527e-01
9.753198857478605488e-01 5.228406867008341674e-01 3.704892732172566094e-01
9.771920881813124238e-01 5.414243958133105883e-01 3.829617120300956024e-01
9.789253365165707654e-01 5.583907969560494289e-01 3.964838662779843204e-01
9.805294940225998124e-01 5.763922899471936034e-01 4.111440829563348665e-01
9.820137900379084517e-01 5.948050645906107770e-01 4.270381445915041874e-01
