1.798620996209155873e-02 5.669582623820177414e-01 4.945520655955043532e-01
1.947050597740026048e-02 5.458411045169808684e-01 4.917727761292451372e-01
2.107466348342939416e-02 5.255869638895002138e-01 4.847962048618752462e-01
2.280791181868767684e-02 5.279735563391315667e-01 4.729735563391315734e-01
2.468011425213936100e-02 5.095686918033172086e-01 4.620686918033172219e-01
2.670179831666652168e-02 4.920103643214759348e-01 4.465207286429518918e-01
2.888418518157076856e-02 4.627328578105335821e-01 4.279657156210671110e-01
3.123921749825525618e-02 4.454255576812657380e-01 4.108511153625314383e-01
3.377958505219922497e-02 4.450390657754519363e-01 3.950651096257531969e-01
3.651874744261100758e-02 4.275527363249064794e-01 3.805045605415107723e-01
3.947095288889796577e-02 4.242020357331756641e-01 3.664892041140153656e-01
4.265125213094285439e-02 4.337180227267075638e-01 3.516240303022767355e-01
4.607550624931942146e-02 4.096846222006007010e-01 3.379128296008008792e-01
4.976038708393502874e-02 3.889495149093712967e-01 3.252660198791617052e-01
5.372336877796518584e-02 3.739507299040874533e-01 3.136009732054498844e-01
5.798270882223590522e-02 3.571311069975068309e-01 3.022449323297320967e-01
6.255741682857327013e-02 3.409379233079907201e-01 2.914936670004311114e-01
6.746720912569881268e-02 3.368861653272831047e-01 2.815770149254680499e-01
7.273244715626792090e-02 3.211001428138816061e-01 2.724301856580461090e-01
7.837405756866340500e-02 2.996103218374751020e-01 2.639934183887176489e-01
8.441343185407770844e-02 2.873743011524098612e-01 2.558240216133738087e-01
9.087230339198726359e-02 2.796632682014852378e-01 2.480941595291630553e-01
9.777259985079930771e-02 2.678112838514982719e-01 2.409643612655431866e-01
1.051362690620639695e-01 2.563941776526763028e-01 2.343880442852244173e-01
1.129850767638601455e-01 2.530262076179207176e-01 2.283222422209075231e-01
1.213403750094747685e-01 2.407305635610178518e-01 2.227273241545207894e-01
1.302228405778755038e-01 2.325572020188129418e-01 2.175667356886151482e-01
1.396521834167601395e-01 2.262669915383345998e-01 2.128067601182065116e-01
1.496468260068010148e-01 2.121901339896337113e-01 2.084162981426824490e-01
1.602235555603075401e-01 2.078035692984143146e-01 2.021726154973571554e-01
1.713971521533434184e-01 2.063917017549963540e-01 1.955025025808770078e-01
1.831799972206518134e-01 1.997301487149804322e-01 1.881442305082196842e-01
1.955816682874619572e-01 1.926903754196310770e-01 1.811075819004281662e-01
2.086085273260449846e-01 1.922283237265769995e-01 1.744689963746731687e-01
2.222633116461385783e-01 1.854798019971938827e-01 1.661650675399698740e-01
2.365447376792273460e-01 1.786775032409143316e-01 1.585057669286659143e-01
2.514471293046626199e-01 1.718508199999208286e-01 1.514410524998581753e-01
2.669600833870328094e-01 1.630649753599735519e-01 1.449247669414947259e-01
2.830681858395915906e-01 1.577523583917228578e-01 1.388967316435447130e-01
2.997507916902141245e-01 1.481742845132036912e-01 1.329661064692196359e-01
3.169818822075857190e-01 1.425515656467236936e-01 1.274958716048157914e-01
3.347300110709839904e-01 1.380078147810754607e-01 1.224502872705900136e-01
3.529583497941959358e-01 1.345254341973498025e-01 1.170299144509913264e-01
3.716248401421150538e-01 1.261659923212478107e-01 1.112442089977045828e-01
3.906824581564393717e-01 1.219308612471331071e-01 1.059076438371281265e-01
4.100795907374460980e-01 1.108691097719753937e-01 1.009853525205350738e-01
4.297605216677122253e-01 1.074135892914070828e-01 9.644517525737764108e-02
4.496660197129980219e-01 1.002193563478520066e-01 9.225744879929413667e-02
4.697340172317585605e-01 9.877170676013603823e-02 8.839481263527418364e-02
4.899003638215688738e-01 9.482150873902761568e-02 8.483203023175905910e-02
5.100996361784312372e-01 9.202182474273301604e-02 8.490807172743232434e-02
5.302659827682416616e-01 9.391987135155067945e-02 8.799334474263750816e-02
5.503339802870020891e-01 9.900805800754206021e-02 9.048731496749110037e-02
5.702394783322879412e-01 1.030266714952628448e-01 9.319118472192911007e-02
5.899204092625540685e-01 1.029366066690234477e-01 9.612261973911898072e-02
6.093175418435606838e-01 1.115299002876324608e-01 9.873345355869299345e-02
6.283751598578851683e-01 1.099655940178292657e-01 1.013586993231701400e-01
6.470416502058041752e-01 1.149851014273842315e-01 1.042048931348676377e-01
6.652699889290161206e-01 1.198137414618968277e-01 1.072906306011877225e-01
6.830181177924143920e-01 1.169606651072860881e-01 1.106360723880113611e-01
7.002492083097858755e-01 1.209948773344094175e-01 1.134329138886718963e-01
7.169318141604085204e-01 1.294346601852974787e-01 1.161363442500660537e-01
7.330399166129673016e-01 1.335649918483849952e-01 1.188010840276700064e-01
7.485528706953376021e-01 1.294903159309895024e-01 1.202454641841386590e-01
7.634552623207727651e-01 1.348145229532813349e-01 1.218114074259892127e-01
7.777366883538615605e-01 1.408030339908936390e-01 1.235091448434657568e-01
7.913914726739550431e-01 1.432624205662931804e-01 1.253497686040649373e-01
8.044183317125381816e-01 1.505605034335735226e-01 1.273453044232130404e-01
8.168200027793484086e-01 1.560672353267980317e-01 1.295087901342779624e-01
8.286028478466566094e-01 1.518603021565844147e-01 1.318543608712544335e-01
8.397764444396924599e-01 1.540348068631623990e-01 1.343973414206625083e-01
8.503531739931989852e-01 1.640346439285032265e-01 1.371543463460409562e-01
8.603478165832399993e-01 1.745449629829593508e-01 1.401433885391991374e-01
8.697771594221246350e-01 1.649764403350422459e-01 1.433839969074460763e-01
8.786596249905253009e-01 1.745791535645033754e-01 1.468973439657077218e-01
8.870149232361399516e-01 1.834026390418608821e-01 1.507063841671540672e-01
8.948637309379361415e-01 1.928031676327533195e-01 1.535901515948960572e-01
9.022274001492007756e-01 1.797597690238438850e-01 1.544855876123055471e-01
9.091276966080128474e-01 1.766727424490667775e-01 1.554563860365930916e-01
9.155865681459223193e-01 1.727083823227759385e-01 1.565088895793092794e-01
9.216259424313367754e-01 1.810367591079010408e-01 1.576499747723998646e-01
9.272675528437320791e-01 1.898453205457104331e-01 1.588870968960273133e-01
9.325327908743011873e-01 2.011416934382224686e-01 1.602283386876444671e-01
9.374425831714268131e-01 2.110352665724709587e-01 1.616824631505597576e-01
9.420172911777641156e-01 2.221964933793610653e-01 1.632589708070197321e-01
9.462766312220348697e-01 2.372998252428021870e-01 1.649681617698719183e-01
9.502396129160649574e-01 2.007914779675154249e-01 1.668212030383521283e-01
9.539244937506806687e-01 2.100971617500744237e-01 1.688302014576750776e-01
9.573487478690571040e-01 2.199100943589614443e-01 1.710082828191073767e-01
9.605290471111022077e-01 2.296172295732908097e-01 1.733696776173264398e-01
9.634812525573891451e-01 2.062858575589102683e-01 1.759298140253567622e-01
9.662204149478008652e-01 2.144600177169497524e-01 1.787054186945404299e-01
9.687607825017446883e-01 1.836818391528677596e-01 1.817146260381136136e-01
9.711158148184292349e-01 1.921902114664953976e-01 1.849770967123970655e-01
9.732982016833335859e-01 2.003174247582185930e-01 1.885141460696940219e-01
9.753198857478605488e-01 2.061193752254242839e-01 1.923488834221456223e-01
9.771920881813124238e-01 2.174899695838023450e-01 1.965063630264252958e-01
9.789253365165707654e-01 2.265875182675247956e-01 2.010137477757215352e-01
9.805294940225998124e-01 2.367201587996526357e-01 2.013114754098360715e-01
9.820137900379084517e-01 2.446411301643811598e-01 2.013114754098360715e-01
