1.798620996209155873e-02 5.682082623820177147e-01 5.183020655955044020e-01
1.947050597740026048e-02 5.495911045169808995e-01 5.126138806462260389e-01
2.107466348342939416e-02 5.230869638895001561e-01 4.997962048618752595e-01
2.280791181868767684e-02 5.329735563391315711e-01 4.821971126782631512e-01
2.468011425213936100e-02 5.120686918033171553e-01 4.603873836066343372e-01
2.670179831666652168e-02 4.932603643214759637e-01 4.402707286429518030e-01
2.888418518157076856e-02 4.677328578105335311e-01 4.217157156210670776e-01
3.123921749825525618e-02 4.504255576812657980e-01 4.046011153625314605e-01
3.377958505219922497e-02 4.412890657754519053e-01 3.888151096257532191e-01
3.651874744261100758e-02 4.275527363249064794e-01 3.742545605415107945e-01
3.947095288889796577e-02 4.204520357331756886e-01 3.608243367616794650e-01
4.265125213094285439e-02 4.299680227267075328e-01 3.484366919185639677e-01
4.607550624931942146e-02 4.121846222006006477e-01 3.368367604674008531e-01
4.976038708393502874e-02 3.889495149093712967e-01 3.252438515558982446e-01
5.372336877796518584e-02 3.739507299040874533e-01 3.145508921049957607e-01
5.798270882223590522e-02 3.546311069975067731e-01 3.046880196636194138e-01
6.255741682857327013e-02 3.396879233079906357e-01 2.955907951542108836e-01
6.746720912569881268e-02 3.253225487945547445e-01 2.871997818600114383e-01
7.273244715626792090e-02 3.102401285324934421e-01 2.790701713766579606e-01
7.837405756866340500e-02 3.008603218374750754e-01 2.704544505724651438e-01
8.441343185407770844e-02 2.873743011524098612e-01 2.620740216133737865e-01
9.087230339198726359e-02 2.693529710922593079e-01 2.543441595291630608e-01
9.777259985079930771e-02 2.640612838514982408e-01 2.472143612655431921e-01
1.051362690620639695e-01 2.563941776526763028e-01 2.404631997952885181e-01
1.129850767638601455e-01 2.492762076179207142e-01 2.326643114268810986e-01
1.213403750094747685e-01 2.394805635610178229e-01 2.242127468252841926e-01
1.302228405778755038e-01 2.313072020188129685e-01 2.157346372027248715e-01
1.396521834167601395e-01 2.290567601182065260e-01 2.079146773370535717e-01
1.496468260068010148e-01 2.209162981426824601e-01 2.007017755201211950e-01
1.602235555603075401e-01 2.140535692984142924e-01 1.940488062575685957e-01
1.713971521533434184e-01 2.095618018582313946e-01 1.879123023744068421e-01
1.831799972206518134e-01 1.963821338434824093e-01 1.822521710222275160e-01
1.955816682874619572e-01 1.912433566486495262e-01 1.767665255874835140e-01
2.086085273260449846e-01 1.897406726480962424e-01 1.708054388253077982e-01
2.222633116461385783e-01 1.829798019971939083e-01 1.638533123590445728e-01
2.365447376792273460e-01 1.778110900565267605e-01 1.563893537442783421e-01
2.514471293046626199e-01 1.686487024999241413e-01 1.494889349998615169e-01
2.669600833870328094e-01 1.576632474338227619e-01 1.431241909661111200e-01
2.830681858395915906e-01 1.552523583917228556e-01 1.372535375875842956e-01
2.997507916902141245e-01 1.459561563929693551e-01 1.318386189501570827e-01
3.169818822075857190e-01 1.398886119161842356e-01 1.268440566826579130e-01
3.347300110709839904e-01 1.355078147810754308e-01 1.222372188122778647e-01
3.529583497941959358e-01 1.320733388029789457e-01 1.176047697185414048e-01
3.716248401421150538e-01 1.211659923212478202e-01 1.129388782239553052e-01
3.906824581564393717e-01 1.186354533814193007e-01 1.086351966428452526e-01
4.100795907374460980e-01 1.121191097719753810e-01 1.046656068713992666e-01
4.297605216677122253e-01 1.062738397070866481e-01 1.001460099763095274e-01
4.496660197129980219e-01 9.941681685108920419e-02 9.528284376692221225e-02
4.697340172317585605e-01 9.678146784666387392e-02 9.079720176999581116e-02
4.899003638215688738e-01 9.288873405787019533e-02 8.665977704333309439e-02
5.100996361784312372e-01 9.396916550972760074e-02 8.625929183278742418e-02
5.302659827682416616e-01 1.008756684766120015e-01 8.864908244755555222e-02
5.503339802870020891e-01 1.038159462605224015e-01 9.092532835385502832e-02
5.702394783322879412e-01 1.090053202635303808e-01 9.311417529792388736e-02
5.899204092625540685e-01 1.078444596028036856e-01 9.548724174041092749e-02
6.093175418435606838e-01 1.102361086205419921e-01 9.747502937709380533e-02
6.283751598578851683e-01 1.132442825424194305e-01 9.960804156073149729e-02
6.470416502058041752e-01 1.238267975786964958e-01 1.019205740327357029e-01
6.652699889290161206e-01 1.191580037569787837e-01 1.044277357241207849e-01
6.830181177924143920e-01 1.203098458610450117e-01 1.071459071759149617e-01
7.002492083097858755e-01 1.203391396294914012e-01 1.100928475614259827e-01
7.169318141604085204e-01 1.269245007229218569e-01 1.132878107158008518e-01
7.330399166129673016e-01 1.294769061903919549e-01 1.167516709309584233e-01
7.485528706953376021e-01 1.288345782260715000e-01 1.205070593377769450e-01
7.634552623207727651e-01 1.361259983631173953e-01 1.245785117665883512e-01
7.777366883538615605e-01 1.401472962859756088e-01 1.289783765513438374e-01
7.913914726739550431e-01 1.385203356979392286e-01 1.315552498161827177e-01
8.044183317125381816e-01 1.429010701888784873e-01 1.343489999629900455e-01
8.168200027793484086e-01 1.462309323878409340e-01 1.373778799584809973e-01
8.286028478466566094e-01 1.538275152713385052e-01 1.406616789902480069e-01
8.397764444396924599e-01 1.560020199779164896e-01 1.442218517594192895e-01
8.503531739931989852e-01 1.646903816334212289e-01 1.461193938593721153e-01
8.603478165832399993e-01 1.655326787177424930e-01 1.467172022980037516e-01
8.697771594221246350e-01 1.720138954542363985e-01 1.473653239716531671e-01
8.786596249905253009e-01 1.739234158595853452e-01 1.480679933833054518e-01
8.870149232361399516e-01 1.814354259271067915e-01 1.488298014235947542e-01
8.948637309379361415e-01 1.908359545179992567e-01 1.496557253653879038e-01
9.022274001492007756e-01 1.906387992591002667e-01 1.505511613827973938e-01
9.091276966080128474e-01 1.878668334036926735e-01 1.515219598070849105e-01
9.155865681459223193e-01 2.011359975469682315e-01 1.525744633498010983e-01
9.216259424313367754e-01 2.104350693084384993e-01 1.537155485428916835e-01
9.272675528437320791e-01 2.223736126984208472e-01 1.549526706665191322e-01
9.325327908743011873e-01 2.177634747488177425e-01 1.562939124581362860e-01
9.374425831714268131e-01 2.110352665724709587e-01 1.577480369210515765e-01
9.420172911777641156e-01 2.012326045395544105e-01 1.593245445775115510e-01
9.462766312220348697e-01 2.120037946204712531e-01 1.610337355403637094e-01
9.502396129160649574e-01 2.220389105140642971e-01 1.628867768088439472e-01
9.539244937506806687e-01 2.081299486353203609e-01 1.648957752281669242e-01
9.573487478690571040e-01 2.179428812442073538e-01 1.670738565895991679e-01
9.605290471111022077e-01 1.978868962182594449e-01 1.694352513878182587e-01
9.634812525573891451e-01 1.739626009106026716e-01 1.719953877958485811e-01
9.662204149478008652e-01 1.806726318092945482e-01 1.747709924650322488e-01
9.687607825017446883e-01 1.869605276774578828e-01 1.777801998086054602e-01
9.711158148184292349e-01 1.921902114664953976e-01 1.810426704828888844e-01
9.732982016833335859e-01 1.996616870533005905e-01 1.845797198401858408e-01
9.753198857478605488e-01 2.067751129303423696e-01 1.884144571926374412e-01
9.771920881813124238e-01 2.181457072887203752e-01 1.888524590163934702e-01
9.789253365165707654e-01 2.272432559724428813e-01 1.888524590163934425e-01
9.805294940225998124e-01 2.373758965045706659e-01 1.888524590163934425e-01
9.820137900379084517e-01 2.472640809840533083e-01 1.888524590163934425e-01
