1.798620996209155873e-02 6.061561967865133349e-01 5.424061967865132505e-01
1.947050597740026048e-02 5.828183283877356180e-01 5.340683283877355469e-01
2.107466348342939416e-02 5.538777229171251149e-01 5.263777229171251459e-01
2.280791181868767684e-02 5.392841338034789489e-01 5.192841338034789311e-01
2.468011425213936100e-02 5.177412150819903358e-01 5.127412150819902203e-01
2.670179831666652168e-02 5.495103643214759304e-01 5.067062185928855600e-01
2.888418518157076856e-02 5.314828578105336154e-01 5.011397146863201257e-01
3.123921749825525618e-02 5.129255576812656869e-01 4.960053346087594517e-01
3.377958505219922497e-02 5.312955767380272976e-01 4.912695328877260126e-01
3.651874744261100758e-02 5.123531923790576315e-01 4.869013681624532186e-01
3.947095288889796577e-02 5.211169030855115070e-01 4.718615051425192886e-01
4.265125213094285439e-02 5.134366919185640032e-01 4.514673762615586949e-01
4.607550624931942146e-02 5.005867604674008042e-01 4.320431752678013382e-01
4.976038708393502874e-02 4.739938515558982379e-01 4.141268614954791705e-01
5.372336877796518584e-02 4.533008921049958007e-01 3.976013787077206652e-01
5.798270882223590522e-02 4.490914759966757597e-01 3.823587576619573714e-01
6.255741682857327013e-02 4.266672310773209631e-01 3.682994106928713651e-01
6.746720912569881268e-02 4.025133983927397519e-01 3.553314810563813486e-01
7.273244715626792090e-02 3.853201713766579162e-01 3.433702427835987336e-01
7.837405756866340500e-02 3.752434183887176644e-01 3.304706436749501597e-01
8.441343185407770844e-02 3.716864517286148639e-01 3.184986023048196890e-01
9.087230339198726359e-02 3.521544566383889019e-01 3.074559421845186602e-01
9.777259985079930771e-02 3.345153870702248233e-01 2.972705160936331414e-01
1.051362690620639695e-01 3.199693331627403992e-01 2.878757775503205663e-01
1.129850767638601455e-01 3.086182768238943663e-01 2.792103460298678841e-01
1.213403750094747685e-01 2.972240847480237536e-01 2.712176059350296931e-01
1.302228405778755038e-01 2.900762693584173491e-01 2.632441708725270502e-01
1.396521834167601395e-01 2.824260658578222061e-01 2.547442144967973499e-01
1.496468260068010148e-01 2.645947906018287221e-01 2.469041038262186905e-01
1.602235555603075401e-01 2.578011877779914363e-01 2.381023755559829036e-01
1.713971521533434184e-01 2.471520020647015869e-01 2.279638039229330282e-01
1.831799972206518134e-01 2.376541561507294620e-01 2.186122825584627949e-01
1.955816682874619572e-01 2.345314317325757070e-01 2.099867132972990103e-01
2.086085273260449846e-01 2.234536258835385369e-01 2.019936942177116279e-01
2.222633116461385783e-01 2.134079478148655229e-01 1.940759946311340634e-01
2.365447376792273460e-01 2.134923955316273825e-01 1.867729405598907433e-01
2.514471293046626199e-01 2.024677599998944699e-01 1.800368174998647763e-01
2.669600833870328094e-01 1.913684312122751474e-01 1.712339825476322797e-01
2.830681858395915906e-01 1.831279479896535944e-01 1.629871123254160448e-01
2.997507916902141245e-01 1.779292595513288500e-01 1.553804409061730063e-01
3.169818822075857190e-01 1.685292880299605334e-01 1.476567611377631595e-01
3.347300110709839904e-01 1.620241503539656680e-01 1.399786980204630604e-01
3.529583497941959358e-01 1.531796249860914449e-01 1.326571545778121031e-01
3.716248401421150538e-01 1.481011025791642288e-01 1.256583173359329397e-01
3.906824581564393717e-01 1.437489730457038040e-01 1.192027949642678886e-01
4.100795907374460980e-01 1.377557340468313352e-01 1.132484103070988818e-01
4.297605216677122253e-01 1.338840901227661973e-01 1.074865942795618368e-01
4.496660197129980219e-01 1.304820538316660561e-01 1.021506202442618860e-01
4.697340172317585605e-01 1.212229013274968709e-01 9.722887416430098240e-02
4.899003638215688738e-01 1.171009315071294410e-01 9.268919981143491915e-02
5.100996361784312372e-01 1.089716433318042577e-01 9.215099500316994985e-02
5.302659827682416616e-01 1.127204445930103105e-01 9.554677198152032591e-02
5.503339802870020891e-01 1.191149966048773573e-01 9.922834707535184429e-02
5.702394783322879412e-01 1.165655562260890510e-01 1.032197738557126959e-01
5.899204092625540685e-01 1.155442877090380877e-01 1.075471303096596359e-01
6.093175418435606838e-01 1.167758019269767022e-01 1.122386892207873355e-01
6.283751598578851683e-01 1.186365782992978846e-01 1.173251028894618242e-01
6.470416502058041752e-01 1.244825352836145260e-01 1.215640042067268889e-01
6.652699889290161206e-01 1.297511532105544152e-01 1.248569507514668969e-01
6.830181177924143920e-01 1.390934549737623815e-01 1.282000059624607835e-01
7.002492083097858755e-01 1.404828750739830767e-01 1.313736340699341587e-01
7.169318141604085204e-01 1.490857808939773099e-01 1.348143636207994323e-01
7.330399166129673016e-01 1.499173344803570174e-01 1.383910151932535026e-01
7.485528706953376021e-01 1.594733100510787316e-01 1.421464036000720244e-01
7.634552623207727651e-01 1.662341135038126472e-01 1.462178560288834028e-01
7.777366883538615605e-01 1.679187362114085702e-01 1.506319733143224038e-01
7.913914726739550431e-01 1.660132653352895393e-01 1.554175950918803006e-01
8.044183317125381816e-01 1.713346907766292448e-01 1.606059882216653856e-01
8.168200027793484086e-01 1.826249684237582493e-01 1.662310510704342326e-01
8.286028478466566094e-01 1.811368531055665698e-01 1.721881710090434336e-01
8.397764444396924599e-01 1.802527598248700458e-01 1.782913243276227910e-01
8.503531739931989852e-01 1.849081361485311048e-01 1.849081361485311048e-01
8.603478165832399993e-01 1.947047882317827772e-01 1.920818374121106842e-01
8.697771594221246350e-01 2.077281499549197552e-01 1.998592974959033375e-01
8.786596249905253009e-01 2.200946091242558800e-01 2.082913304357312811e-01
8.870149232361399516e-01 2.318592564273992407e-01 2.174330269192025211e-01
8.948637309379361415e-01 2.376883888553324164e-01 2.273441142207202892e-01
9.022274001492007756e-01 2.392821056312523509e-01 2.379706302214163460e-01
9.091276966080128474e-01 2.522687783987178634e-01 2.476786144642916243e-01
9.155865681459223193e-01 2.686954531701420401e-01 2.553313331424481025e-01
9.216259424313367754e-01 2.840407313305561843e-01 2.610367591079010285e-01
9.272675528437320791e-01 2.996906410914207952e-01 2.672223697260383002e-01
9.325327908743011873e-01 3.023829170412594136e-01 2.739285786841240689e-01
9.374425831714268131e-01 3.207159388468411865e-01 2.801724755530587418e-01
9.420172911777641156e-01 3.204979959643547427e-01 2.864785061788986953e-01
9.462766312220348697e-01 3.387616876015982492e-01 2.933152700303072735e-01
9.502396129160649574e-01 3.581761816838663348e-01 3.007274351042282245e-01
9.539244937506806687e-01 3.794940706777941153e-01 3.087634287815200218e-01
9.573487478690571040e-01 3.467054346195622694e-01 3.174757542272491628e-01
9.605290471111022077e-01 3.680869181629750631e-01 3.269213334201254151e-01
9.634812525573891451e-01 3.550589061923576373e-01 3.371618790522468156e-01
9.662204149478008652e-01 3.761500442923744192e-01 3.482642977289814867e-01
9.687607825017446883e-01 3.964419826495846344e-01 3.589143699176196023e-01
9.711158148184292349e-01 3.766296983249980967e-01 3.687017819404698749e-01
9.732982016833335859e-01 3.966795350984482216e-01 3.793129300123607717e-01
9.753198857478605488e-01 4.159529107377628043e-01 3.908171420697155729e-01
9.771920881813124238e-01 4.411074193188159742e-01 4.032895808825546213e-01
9.789253365165707654e-01 4.637271222504271706e-01 4.141285018740821222e-01
9.805294940225998124e-01 4.937658811002498260e-01 4.190152407668656931e-01
9.820137900379084517e-01 4.506447019685532740e-01 4.243132613119220964e-01
