1.798620996209155873e-02 5.707082623820176615e-01 5.094582623820177458e-01
1.947050597740026048e-02 5.383411045169808062e-01 4.983411045169808817e-01
2.107466348342939416e-02 5.205869638895002094e-01 4.880869638895002915e-01
2.280791181868767684e-02 5.011288450713052844e-01 4.716024014104368001e-01
2.468011425213936100e-02 4.824049534426536612e-01 4.519736452459708897e-01
2.670179831666652168e-02 4.643582914571807163e-01 4.338686557786566311e-01
2.888418518157076856e-02 4.702328578105334778e-01 4.171691440589603839e-01
3.123921749825525618e-02 4.885957807537720243e-01 4.017660038262783062e-01
3.377958505219922497e-02 4.650455767380272110e-01 3.875585986631778779e-01
3.651874744261100758e-02 4.671536484332086125e-01 3.744541044873596625e-01
3.947095288889796577e-02 4.501594694093436488e-01 3.620743367616794939e-01
4.265125213094285439e-02 4.362180227267075661e-01 3.496866919185639966e-01
4.607550624931942146e-02 4.109346222006006744e-01 3.382606913340007737e-01
4.976038708393502874e-02 3.901995149093713255e-01 3.277216832326347862e-01
5.372336877796518584e-02 3.714507299040874511e-01 3.161009732054498866e-01
5.798270882223590522e-02 3.571311069975068309e-01 3.053414759966757153e-01
6.255741682857327013e-02 3.384379233079907179e-01 2.954172310773209853e-01
6.746720912569881268e-02 3.228225487945547423e-01 2.862633983927396764e-01
7.273244715626792090e-02 3.089901285324934688e-01 2.778201713766579317e-01
7.837405756866340500e-02 2.893992896537275761e-01 2.700323862049701096e-01
8.441343185407770844e-02 2.811243011524098834e-01 2.628491613828918272e-01
9.087230339198726359e-02 2.734132682014853155e-01 2.562235653107111655e-01
9.777259985079930771e-02 2.628112838514982119e-01 2.501123096561798653e-01
1.051362690620639695e-01 2.551441776526762739e-01 2.444754665301923369e-01
1.129850767638601455e-01 2.491281903164273559e-01 2.376643114268811030e-01
1.213403750094747685e-01 2.432305635610178263e-01 2.304708453415267588e-01
1.302228405778755038e-01 2.338072020188129430e-01 2.238358030282194544e-01
1.396521834167601395e-01 2.259772229584627035e-01 2.163749087571816831e-01
1.496468260068010148e-01 2.283924622957311801e-01 2.080825962853649069e-01
1.602235555603075401e-01 2.212404739183085889e-01 1.999833293570399684e-01
1.713971521533434184e-01 2.101417017549963295e-01 1.925128028905822020e-01
1.831799972206518134e-01 2.038821338434823882e-01 1.856222082009726104e-01
1.955816682874619572e-01 1.937433566486495284e-01 1.792665255874834884e-01
2.086085273260449846e-01 1.897406726480962424e-01 1.733177877468270178e-01
2.222633116461385783e-01 1.806852655427760024e-01 1.663705310855519703e-01
2.365447376792273460e-01 1.765610900565267316e-01 1.588893537442783443e-01
2.514471293046626199e-01 1.686487024999241413e-01 1.519889349998614914e-01
2.669600833870328094e-01 1.650143993845899493e-01 1.456241909661111500e-01
2.830681858395915906e-01 1.581807613637426779e-01 1.393075301575348313e-01
2.997507916902141245e-01 1.478924126334380529e-01 1.332479783489853020e-01
3.169818822075857190e-01 1.439645193772631782e-01 1.276588253353552749e-01
3.347300110709839904e-01 1.393110818956534991e-01 1.225035543851680508e-01
3.529583497941959358e-01 1.295733388029789712e-01 1.176047697185414048e-01
3.716248401421150538e-01 1.235247698857269288e-01 1.129388782239553052e-01
3.906824581564393717e-01 1.181808612471331177e-01 1.086351966428452526e-01
4.100795907374460980e-01 1.108691097719753937e-01 1.046656068713992666e-01
4.297605216677122253e-01 1.066537562351934504e-01 1.010041735946593938e-01
4.496660197129980219e-01 1.011142773543263901e-01 9.680998829605694245e-02
4.697340172317585605e-01 9.729122893319171184e-02 9.288505154874633629e-02
4.899003638215688738e-01 9.288873405787019533e-02 8.906527066648117774e-02
5.100996361784312372e-01 9.396916550972760074e-02 8.766019280754136500e-02
5.302659827682416616e-01 9.674203220916330337e-02 8.996055785739161259e-02
5.503339802870020891e-01 1.007562644291141868e-01 9.245452808224520480e-02
5.702394783322879412e-01 1.069996024367736581e-01 9.515839783668322838e-02
5.899204092625540685e-01 1.111231481273938504e-01 9.762347920794703371e-02
6.093175418435606838e-01 1.128413756974685211e-01 1.000449289685290677e-01
6.283751598578851683e-01 1.216987114715726293e-01 1.025237806154720016e-01
6.470416502058041752e-01 1.248068165143798314e-01 1.051920873139384066e-01
6.652699889290161206e-01 1.241267096313075913e-01 1.080849661886135044e-01
6.830181177924143920e-01 1.283901750075676362e-01 1.110098411762544257e-01
7.002492083097858755e-01 1.333311381225405212e-01 1.137300938398030647e-01
7.169318141604085204e-01 1.256130253130857966e-01 1.166792905976875433e-01
7.330399166129673016e-01 1.322535164385489070e-01 1.191084028846396692e-01
7.485528706953376021e-01 1.345230153251943117e-01 1.211305351036957717e-01
7.634552623207727651e-01 1.367817360680354255e-01 1.233228556422865385e-01
7.777366883538615605e-01 1.370848115795775535e-01 1.256996880267536865e-01
7.913914726739550431e-01 1.465411090908833591e-01 1.282765612915925668e-01
8.044183317125381816e-01 1.493537376308981257e-01 1.308334121621245461e-01
8.168200027793484086e-01 1.462309323878409340e-01 1.321315035887635214e-01
8.286028478466566094e-01 1.564504660910106260e-01 1.335388460309493708e-01
8.397764444396924599e-01 1.638650948194260437e-01 1.350646343605942101e-01
8.503531739931989852e-01 1.588988566265081559e-01 1.367188373158212955e-01
8.603478165832399993e-01 1.694671049472506741e-01 1.385122626317162042e-01
8.697771594221246350e-01 1.766040593886626375e-01 1.404566276526643398e-01
8.786596249905253009e-01 1.842864912101039587e-01 1.425646358876213604e-01
8.870149232361399516e-01 1.735892310608890821e-01 1.448500600084891288e-01
8.948637309379361415e-01 1.695572906724693574e-01 1.470327745457157831e-01
9.022274001492007756e-01 1.791040313189258548e-01 1.479282105631252453e-01
9.091276966080128474e-01 1.885225711086107037e-01 1.488990089874127898e-01
9.155865681459223193e-01 1.998245221371321712e-01 1.499515125301289775e-01
9.216259424313367754e-01 1.957359142081697700e-01 1.510925977232195627e-01
9.272675528437320791e-01 1.924682713653825539e-01 1.523297198468470115e-01
9.325327908743011873e-01 2.017974311431404710e-01 1.536709616384641930e-01
9.374425831714268131e-01 1.742277173205317442e-01 1.551250861013794557e-01
9.420172911777641156e-01 1.848588796341739948e-01 1.567015937578394302e-01
9.462766312220348697e-01 1.912979279325665583e-01 1.584107847206916164e-01
9.502396129160649574e-01 1.994800025576793923e-01 1.602638259891718264e-01
9.539244937506806687e-01 2.074742109304023585e-01 1.622728244084948035e-01
9.573487478690571040e-01 1.885739426873950797e-01 1.644509057699270471e-01
9.605290471111022077e-01 1.674680382730641681e-01 1.668123005681461379e-01
9.634812525573891451e-01 1.733068632056846414e-01 1.693724369761764603e-01
9.662204149478008652e-01 1.793611563994584879e-01 1.721480416453601558e-01
9.687607825017446883e-01 1.856490522676218224e-01 1.751572489889333117e-01
9.711158148184292349e-01 1.941574245812495714e-01 1.784197196632167359e-01
9.732982016833335859e-01 2.022846378729727113e-01 1.819567690205137200e-01
9.753198857478605488e-01 2.093980637500144903e-01 1.857915063729653204e-01
9.771920881813124238e-01 2.168342318788843148e-01 1.899489859772449940e-01
9.789253365165707654e-01 2.252760428576887353e-01 1.908196721311475330e-01
9.805294940225998124e-01 2.340972079799804595e-01 1.908196721311475330e-01
9.820137900379084517e-01 2.452968678692991622e-01 1.908196721311475330e-01
