1.798620996209155873e-02 5.757082623820176659e-01 5.215103279775221701e-01
1.947050597740026048e-02 5.520911045169808462e-01 5.076138806462260344e-01
2.107466348342939416e-02 5.255869638895002138e-01 4.947962048618752551e-01
2.280791181868767684e-02 5.354735563391316289e-01 4.803524014104367801e-01
2.468011425213936100e-02 5.120686918033171553e-01 4.607236452459709253e-01
2.670179831666652168e-02 4.957603643214759104e-01 4.426186557786566667e-01
2.888418518157076856e-02 4.702328578105334778e-01 4.254657156210671087e-01
3.123921749825525618e-02 4.529255576812657447e-01 4.083511153625314360e-01
3.377958505219922497e-02 4.525390657754519430e-01 3.925651096257531392e-01
3.651874744261100758e-02 4.536031923790575515e-01 3.780045605415107701e-01
3.947095288889796577e-02 4.648669030855115403e-01 3.642817704378474297e-01
4.265125213094285439e-02 4.437180227267075727e-01 3.506553611104202828e-01
4.607550624931942146e-02 4.146846222006005944e-01 3.380867604674008264e-01
4.976038708393502874e-02 3.951995149093712745e-01 3.264938515558982735e-01
5.372336877796518584e-02 3.777007299040873733e-01 3.158008921049957340e-01
5.798270882223590522e-02 3.633811069975068642e-01 3.059380196636194427e-01
6.255741682857327013e-02 3.421879233079906935e-01 2.966672310773209587e-01
6.746720912569881268e-02 3.228225487945547423e-01 2.875133983927397052e-01
7.273244715626792090e-02 3.102401285324934421e-01 2.782901999394342685e-01
7.837405756866340500e-02 3.021103218374751043e-01 2.692044505724651149e-01
8.441343185407770844e-02 2.886243011524098900e-01 2.608240216133738687e-01
9.087230339198726359e-02 2.756029710922592857e-01 2.530941595291630319e-01
9.777259985079930771e-02 2.690612838514982452e-01 2.459643612655431910e-01
1.051362690620639695e-01 2.538941776526763006e-01 2.393880442852243662e-01
1.129850767638601455e-01 2.505262076179207154e-01 2.333222422209075553e-01
1.213403750094747685e-01 2.407305635610178518e-01 2.277273241545208216e-01
1.302228405778755038e-01 2.313072020188129685e-01 2.194846372027248749e-01
1.396521834167601395e-01 2.278067601182065249e-01 2.116646773370535750e-01
1.496468260068010148e-01 2.196662981426824868e-01 2.044517755201211706e-01
1.602235555603075401e-01 2.128035692984142913e-01 1.977988062575685990e-01
1.713971521533434184e-01 2.095618018582313946e-01 1.914432033035225189e-01
1.831799972206518134e-01 2.001321338434823571e-01 1.831662528154667513e-01
1.955816682874619572e-01 1.924933566486494996e-01 1.754486382133728095e-01
2.086085273260449846e-01 1.909906726480962158e-01 1.683301366683462308e-01
2.222633116461385783e-01 1.842298019971939094e-01 1.617642394502087633e-01
2.365447376792273460e-01 1.778110900565267605e-01 1.557080482691777235e-01
2.514471293046626199e-01 1.698987024999241424e-01 1.501219949998878755e-01
2.669600833870328094e-01 1.614132474338227374e-01 1.440764948676455104e-01
2.830681858395915906e-01 1.552523583917228556e-01 1.376467316435447119e-01
2.997507916902141245e-01 1.484561563929693295e-01 1.317161064692196626e-01
3.169818822075857190e-01 1.413015656467236925e-01 1.262458716048158180e-01
3.347300110709839904e-01 1.342045476664974202e-01 1.212002872705900125e-01
3.529583497941959358e-01 1.308712434086081178e-01 1.165463881410580688e-01
3.716248401421150538e-01 1.224159923212478213e-01 1.122537679660388782e-01
3.906824581564393717e-01 1.186354533814193007e-01 1.082943809114176453e-01
4.100795907374460980e-01 1.133691097719753821e-01 1.046423583216873066e-01
4.297605216677122253e-01 1.062738397070866481e-01 1.001951752573776444e-01
4.496660197129980219e-01 9.941681685108920419e-02 9.573030427015941091e-02
4.697340172317585605e-01 9.678146784666387392e-02 9.130696285652364907e-02
4.899003638215688738e-01 9.288873405787019533e-02 8.722700236217569014e-02
5.100996361784312372e-01 9.396916550972760074e-02 8.634871739770530463e-02
5.302659827682416616e-01 1.002199307716939575e-01 8.864908244755555222e-02
5.503339802870020891e-01 1.044716839654404317e-01 9.114305267240913055e-02
5.702394783322879412e-01 1.096610579684484110e-01 9.369290357883668097e-02
5.899204092625540685e-01 1.078444596028036856e-01 9.550760144662087670e-02
6.093175418435606838e-01 1.082865792485335349e-01 9.747502937709380533e-02
6.283751598578851683e-01 1.132442825424194305e-01 9.960804156073149729e-02
6.470416502058041752e-01 1.244825352836145260e-01 1.019205740327357029e-01
6.652699889290161206e-01 1.160179131148963705e-01 1.044277357241207849e-01
6.830181177924143920e-01 1.230032889098858634e-01 1.071459071759149617e-01
7.002492083097858755e-01 1.203391396294914012e-01 1.100928475614259827e-01
7.169318141604085204e-01 1.231028658507102025e-01 1.132878107158008518e-01
7.330399166129673016e-01 1.294769061903919549e-01 1.167516709309584233e-01
7.485528706953376021e-01 1.288345782260715000e-01 1.205070593377769450e-01
7.634552623207727651e-01 1.367817360680354255e-01 1.245785117665883512e-01
7.777366883538615605e-01 1.401472962859756088e-01 1.289926290520273522e-01
7.913914726739550431e-01 1.385203356979392286e-01 1.333224880278020275e-01
8.044183317125381816e-01 1.422453324839604571e-01 1.373135596660982061e-01
8.168200027793484086e-01 1.491818707425653923e-01 1.416405310882281054e-01
8.286028478466566094e-01 1.598705185931303674e-01 1.463316725621810199e-01
8.397764444396924599e-01 1.560020199779164896e-01 1.481793884589548416e-01
8.503531739931989852e-01 1.633789062235851686e-01 1.498335914141819547e-01
8.603478165832399993e-01 1.706105367534511696e-01 1.516270167300768357e-01
8.697771594221246350e-01 1.713581577493183683e-01 1.535713817510250268e-01
8.786596249905253009e-01 1.823192780953498682e-01 1.556793899859819919e-01
8.870149232361399516e-01 1.919045716129966495e-01 1.573543915875291466e-01
8.948637309379361415e-01 1.921474299278353171e-01 1.581803155293223240e-01
9.022274001492007756e-01 2.015178294943566206e-01 1.590757515467317862e-01
9.091276966080128474e-01 2.155009169522886792e-01 1.600465499710193307e-01
9.155865681459223193e-01 2.275963996564064618e-01 1.610990535137355184e-01
9.216259424313367754e-01 2.091235938986023835e-01 1.622401387068261036e-01
9.272675528437320791e-01 2.204063995836667289e-01 1.634772608304535524e-01
9.325327908743011873e-01 2.350409937643311020e-01 1.648185026220707061e-01
9.374425831714268131e-01 2.291111723459815230e-01 1.662726270849859966e-01
9.420172911777641156e-01 2.215407556744430351e-01 1.678491347414459989e-01
9.462766312220348697e-01 2.346768744231300663e-01 1.695583257042981296e-01
9.502396129160649574e-01 2.226946482189823273e-01 1.714113669727783396e-01
9.539244937506806687e-01 2.074742109304023585e-01 1.734203653921013444e-01
9.573487478690571040e-01 2.192543566540434141e-01 1.755984467535336158e-01
9.605290471111022077e-01 2.011655847428496235e-01 1.779598415517526511e-01
9.634812525573891451e-01 2.082530706736643589e-01 1.805199779597830012e-01
9.662204149478008652e-01 2.157714931267858405e-01 1.832955826289666690e-01
9.687607825017446883e-01 1.863047899725398526e-01 1.863047899725398526e-01
9.711158148184292349e-01 1.954688999910856040e-01 1.895672606468232768e-01
9.732982016833335859e-01 2.022846378729727113e-01 1.921311475409835934e-01
9.753198857478605488e-01 2.100538014549325483e-01 1.921311475409835934e-01
9.771920881813124238e-01 2.174899695838023450e-01 1.921311475409836211e-01
9.789253365165707654e-01 2.265875182675247956e-01 1.921311475409835934e-01
9.805294940225998124e-01 2.367201587996526357e-01 1.921311475409835934e-01
9.820137900379084517e-01 2.472640809840533083e-01 1.921311475409835934e-01
