1.798620996209155873e-02 6.059685903595398715e-01 5.065103279775220457e-01
1.947050597740026048e-02 5.722049851632068362e-01 4.926138806462260211e-01
2.107466348342939416e-02 5.391331687513755133e-01 4.778831687513754312e-01
2.280791181868767684e-02 5.066024014104367756e-01 4.566024014104368423e-01
2.468011425213936100e-02 4.794736452459708587e-01 4.369736452459709319e-01
2.670179831666652168e-02 4.538686557786565934e-01 4.188686557786566178e-01
2.888418518157076856e-02 4.271691440589603372e-01 4.021691440589603705e-01
3.123921749825525618e-02 4.030160038262783351e-01 3.867660038262782929e-01
3.377958505219922497e-02 3.850585986631778757e-01 3.725585986631778646e-01
3.651874744261100758e-02 3.644541044873597091e-01 3.594541044873596491e-01
3.947095288889796577e-02 3.498669030855114936e-01 3.473669030855114914e-01
4.265125213094285439e-02 3.594053611104203183e-01 3.362180227267075328e-01
4.607550624931942146e-02 3.430867604674007754e-01 3.259346222006006544e-01
4.976038708393502874e-02 3.390160198791617452e-01 3.164495149093712878e-01
5.372336877796518584e-02 3.261009732054499510e-01 3.077007299040874222e-01
5.798270882223590522e-02 3.115914759966757486e-01 2.972449323297320367e-01
6.255741682857327013e-02 2.954172310773209853e-01 2.864936670004310515e-01
6.746720912569881268e-02 2.928270149254680321e-01 2.765770149254680454e-01
7.273244715626792090e-02 2.711801856580460801e-01 2.674301856580461045e-01
7.837405756866340500e-02 2.744154827562126364e-01 2.589934183887175889e-01
8.441343185407770844e-02 2.734113119590967922e-01 2.512115914981328801e-01
9.087230339198726359e-02 2.696456450752927614e-01 2.440338624199371309e-01
9.777259985079930771e-02 2.574694902889514414e-01 2.374133354608615187e-01
1.051362690620639695e-01 2.422944886728045921e-01 2.313067554077083976e-01
1.129850767638601455e-01 2.392103460298679318e-01 2.256742249194141625e-01
1.213403750094747685e-01 2.319643665285326950e-01 2.204789438577693106e-01
1.302228405778755038e-01 2.244846372027248793e-01 2.156869688537140783e-01
1.396521834167601395e-01 2.157044459169254746e-01 2.112669915383346420e-01
1.496468260068010148e-01 2.081541038262186838e-01 2.056302679792674226e-01
1.602235555603075401e-01 2.002964247371457340e-01 1.981095201172514697e-01
1.713971521533434184e-01 1.951030030970523910e-01 1.911726026841120696e-01
1.831799972206518134e-01 1.893942305082196853e-01 1.847741933294745620e-01
1.955816682874619572e-01 1.893956569843543436e-01 1.782135443584650647e-01
2.086085273260449846e-01 1.807930899037885619e-01 1.721418812759423767e-01
2.222633116461385783e-01 1.769869217222982405e-01 1.651205310855519970e-01
2.365447376792273460e-01 1.655229405598907244e-01 1.576393537442783432e-01
2.514471293046626199e-01 1.519889349998614914e-01 1.507389349998614902e-01
2.669600833870328094e-01 1.461747669414946993e-01 1.443741909661111211e-01
2.830681858395915906e-01 1.397359331295546236e-01 1.385035375875843244e-01
2.997507916902141245e-01 1.344979783489852754e-01 1.330886189501570838e-01
3.169818822075857190e-01 1.276588253353552749e-01 1.276588253353552749e-01
3.347300110709839904e-01 1.252166228434802298e-01 1.225035543851680508e-01
3.529583497941959358e-01 1.211152466903955283e-01 1.175568651129122316e-01
3.716248401421150538e-01 1.157003211753090260e-01 1.127976557884343839e-01
3.906824581564393717e-01 1.113622359714143140e-01 1.084079005757021541e-01
4.100795907374460980e-01 1.081786646579630667e-01 1.043589190088272389e-01
4.297605216677122253e-01 1.045455926168435828e-01 1.003545909541253417e-01
4.496660197129980219e-01 1.002828437669222167e-01 9.663967232195447288e-02
4.697340172317585605e-01 9.875815742388448226e-02 9.283624611610716282e-02
4.899003638215688738e-01 9.473752385490712136e-02 8.849804534763858199e-02
5.100996361784312372e-01 9.153500199377098689e-02 8.701439127650309469e-02
5.302659827682416616e-01 9.373727147683301453e-02 8.920521513350332388e-02
5.503339802870020891e-01 9.704405082935751992e-02 9.158042487145913457e-02
5.702394783322879412e-01 9.581413554160124468e-02 9.404002478729701908e-02
5.899204092625540685e-01 9.825885720665507306e-02 9.599431479875690509e-02
6.093175418435606838e-01 9.935382377811977084e-02 9.811308333926620218e-02
6.283751598578851683e-01 1.036187006729926419e-01 1.004101733831836984e-01
6.470416502058041752e-01 1.061721062496217421e-01 1.029005929684190385e-01
6.652699889290161206e-01 1.074292284836954742e-01 1.056006132514490936e-01
6.830181177924143920e-01 1.104950879296738853e-01 1.085278748149197808e-01
7.002492083097858755e-01 1.140272737909341916e-01 1.117015029223931838e-01
7.169318141604085204e-01 1.166792905976875433e-01 1.147120774829334527e-01
7.330399166129673016e-01 1.211881754368998310e-01 1.179094869123096523e-01
7.485528706953376021e-01 1.292448517468508251e-01 1.213759992878344629e-01
7.634552623207727651e-01 1.289687028945533109e-01 1.251342630682757417e-01
7.777366883538615605e-01 1.302969782115216690e-01 1.276669011415077770e-01
7.913914726739550431e-01 1.385683896671462689e-01 1.302437744063466574e-01
8.044183317125381816e-01 1.438709367152785357e-01 1.330375245531540129e-01
8.168200027793484086e-01 1.432797566679298862e-01 1.354101921133536723e-01
8.286028478466566094e-01 1.421145183776136578e-01 1.368175345555395495e-01
8.397764444396924599e-01 1.481505003714206348e-01 1.383433228851843888e-01
8.503531739931989852e-01 1.467701832451130672e-01 1.399975258404114742e-01
8.603478165832399993e-01 1.535777931352066417e-01 1.417909511563063552e-01
8.697771594221246350e-01 1.607375956704244768e-01 1.437353161772545185e-01
8.786596249905253009e-01 1.605391078408164585e-01 1.447893048587153009e-01
8.870149232361399516e-01 1.657656937874701364e-01 1.455511128990045477e-01
8.948637309379361415e-01 1.759671390775732480e-01 1.463770368407977251e-01
9.022274001492007756e-01 1.730836757664458714e-01 1.472724728582071874e-01
9.091276966080128474e-01 1.687107900480117328e-01 1.482432712824947318e-01
9.155865681459223193e-01 1.619856851313704882e-01 1.492957748252108918e-01
9.216259424313367754e-01 1.706548423499864853e-01 1.504368600183015048e-01
9.272675528437320791e-01 1.750219464257869173e-01 1.516739821419289258e-01
9.325327908743011873e-01 1.803571472104744389e-01 1.530152239335461073e-01
9.374425831714268131e-01 1.692665656453818390e-01 1.544693483964613978e-01
9.420172911777641156e-01 1.763540071878099968e-01 1.560458560529214000e-01
9.462766312220348697e-01 1.597222601305276490e-01 1.577550470157735585e-01
9.502396129160649574e-01 1.655097276285160679e-01 1.596080882842537685e-01
9.539244937506806687e-01 1.694859391625931355e-01 1.616170867035767456e-01
9.573487478690571040e-01 1.749427090486155856e-01 1.637951680650089892e-01
9.605290471111022077e-01 1.805827923714247718e-01 1.661565628632280522e-01
9.634812525573891451e-01 1.877330927138813610e-01 1.687166992712584024e-01
9.662204149478008652e-01 1.957545990224092980e-01 1.714923039404420702e-01
9.687607825017446883e-01 2.013867571856546024e-01 1.745015112840152816e-01
9.711158148184292349e-01 2.072721786796101751e-01 1.777639819582986780e-01
9.732982016833335859e-01 2.140879165614973101e-01 1.813010313155956343e-01
9.753198857478605488e-01 2.205456047336210312e-01 1.851357686680472625e-01
9.771920881813124238e-01 2.299489859772449463e-01 1.855737704918033193e-01
9.789253365165707654e-01 2.410137477757215152e-01 1.855737704918032915e-01
9.805294940225998124e-01 2.485234374881772346e-01 1.855737704918032915e-01
9.820137900379084517e-01 1.895081967213114726e-01 1.855737704918032915e-01
