1.798620996209155873e-02 6.477603279775221434e-01 5.953541311910088840e-01
1.947050597740026048e-02 6.213638806462260522e-01 5.843866567754711916e-01
2.107466348342939416e-02 5.972962048618752906e-01 5.690054458342502786e-01
2.280791181868767684e-02 5.754735563391315534e-01 5.548182676069578489e-01
2.468011425213936100e-02 5.533186918033171642e-01 5.417324301639806494e-01
2.670179831666652168e-02 5.534124371857710445e-01 5.255748743715421556e-01
2.888418518157076856e-02 5.322794293726402781e-01 5.033088587452805296e-01
3.123921749825525618e-02 5.107606692175188368e-01 4.827713384350377779e-01
3.377958505219922497e-02 5.300520877006025255e-01 4.638281315509038549e-01
3.651874744261100758e-02 5.244541044873597402e-01 4.463554726498129011e-01
3.947095288889796577e-02 4.948669030855115669e-01 4.302392041140153944e-01
4.265125213094285439e-02 4.774680227267075194e-01 4.153740303022767644e-01
4.607550624931942146e-02 4.584346222006006055e-01 4.016628296008008525e-01
4.976038708393502874e-02 4.264495149093712745e-01 3.890160198791616786e-01
5.372336877796518584e-02 4.242508110045416503e-01 3.773509732054499133e-01
5.798270882223590522e-02 4.102845633305631234e-01 3.665914759966757419e-01
6.255741682857327013e-02 4.091672310773209476e-01 3.566672310773209564e-01
6.746720912569881268e-02 3.887633983927397674e-01 3.475133983927397030e-01
7.273244715626792090e-02 3.703201713766579029e-01 3.360303284719277084e-01
7.837405756866340500e-02 3.587823862049701051e-01 3.211037402261927021e-01
8.441343185407770844e-02 3.453491613828918450e-01 3.073358926505426747e-01
9.087230339198726359e-02 3.287235653107111744e-01 2.946368335121964388e-01
9.777259985079930771e-02 3.176123096561798143e-01 2.825256451170414240e-01
1.051362690620639695e-01 3.156380442852244061e-01 2.707822219379006912e-01
1.129850767638601455e-01 3.034702595224009758e-01 2.599504325373349078e-01
1.213403750094747685e-01 2.897240847480238024e-01 2.499595074187871413e-01
1.302228405778755038e-01 2.844655698631206042e-01 2.407441708725270579e-01
1.396521834167601395e-01 2.757953715974378883e-01 2.322442144967973299e-01
1.496468260068010148e-01 2.645232830609749453e-01 2.244041038262186982e-01
1.602235555603075401e-01 2.546749970177800138e-01 2.171726154973571687e-01
1.713971521533434184e-01 2.403221021679366742e-01 2.105025025808770212e-01
1.831799972206518134e-01 2.289041561507294542e-01 2.019602974299608555e-01
1.955816682874619572e-01 2.180844129615941707e-01 1.928807508392621217e-01
2.086085273260449846e-01 2.072159748050577399e-01 1.845060431392308853e-01
2.222633116461385783e-01 1.963188749060297000e-01 1.767814581767161441e-01
2.365447376792273460e-01 1.854103296096894782e-01 1.696565273755031855e-01
2.514471293046626199e-01 1.841114074999043726e-01 1.630846999998680769e-01
2.669600833870328094e-01 1.727672792615079223e-01 1.570230390153439237e-01
2.830681858395915906e-01 1.739671494756634962e-01 1.501115227274853192e-01
2.997507916902141245e-01 1.648655157917975622e-01 1.434073377478135292e-01
3.169818822075857190e-01 1.569533805688815842e-01 1.372235939880526723e-01
3.347300110709839904e-01 1.481676161248095813e-01 1.315198899580583003e-01
3.529583497941959358e-01 1.406796249860914616e-01 1.262589605072830523e-01
3.716248401421150538e-01 1.318511025791642421e-01 1.214064333529135120e-01
3.906824581564393717e-01 1.254535651799900398e-01 1.154527949642678852e-01
4.100795907374460980e-01 1.249490461842593381e-01 1.094984103070988923e-01
4.297605216677122253e-01 1.192640066508730140e-01 1.040062603919890971e-01
4.496660197129980219e-01 1.097718958446148169e-01 9.894046225721064847e-02
4.697340172317585605e-01 1.072424235005525472e-01 9.426791851041231574e-02
4.899003638215688738e-01 1.007353821448146308e-01 8.995810108680529771e-02
5.100996361784312372e-01 1.031196848569407715e-01 8.952804418349782911e-02
5.302659827682416616e-01 1.042539620201724249e-01 9.292382116184817742e-02
5.503339802870020891e-01 1.101543166165207671e-01 9.660539625567970967e-02
5.702394783322879412e-01 1.112811498747421912e-01 1.005583183240379569e-01
5.899204092625540685e-01 1.171734521182281885e-01 1.044781855502714268e-01
6.093175418435606838e-01 1.160846967365674193e-01 1.066730409886918751e-01
6.283751598578851683e-01 1.225008432940248443e-01 1.084955811945155363e-01
6.470416502058041752e-01 1.221838656947076829e-01 1.104523394400575564e-01
6.652699889290161206e-01 1.258167269810462341e-01 1.125737839481526364e-01
6.830181177924143920e-01 1.304983725806592165e-01 1.148737751765938619e-01
7.002492083097858755e-01 1.381571042054421106e-01 1.173673401181801051e-01
7.169318141604085204e-01 1.432969329070115649e-01 1.200707704795742486e-01
7.330399166129673016e-01 1.438620357076099143e-01 1.230017291231691040e-01
7.485528706953376021e-01 1.500636489675871987e-01 1.261793654674001619e-01
7.634552623207727651e-01 1.576095369366476429e-01 1.296244405994713411e-01
7.777366883538615605e-01 1.677025323932165024e-01 1.333594629179197244e-01
7.913914726739550431e-01 1.695957957277351991e-01 1.374088351912379491e-01
8.044183317125381816e-01 1.692627680547144631e-01 1.417990139933637539e-01
8.168200027793484086e-01 1.796742674342204082e-01 1.465586825577066266e-01
8.286028478466566094e-01 1.779995285585059817e-01 1.517189381790548519e-01
8.397764444396924599e-01 1.618978817046719532e-01 1.560251304479439161e-01
8.503531739931989852e-01 1.646903816334212289e-01 1.598849373434737264e-01
8.603478165832399993e-01 1.732334875731232904e-01 1.640695964138951524e-01
8.697771594221246350e-01 1.816743013931026440e-01 1.686064481294408945e-01
8.786596249905253009e-01 1.933380911507864841e-01 1.735251340110072205e-01
8.870149232361399516e-01 1.964947355474228607e-01 1.788577902930320873e-01
8.948637309379361415e-01 2.093441388997805686e-01 1.846392578855841349e-01
9.022274001492007756e-01 2.248558761230556868e-01 1.909073100074504259e-01
9.091276966080128474e-01 1.990143743872992144e-01 1.977028989774631540e-01
9.155865681459223193e-01 2.129392762354928581e-01 2.050704237764764959e-01
9.216259424313367754e-01 2.261727742264713070e-01 2.130580201281106201e-01
9.272675528437320791e-01 2.261094666220656302e-01 2.217178749935027893e-01
9.325327908743011873e-01 2.380913436012767614e-01 2.311065675348229209e-01
9.374425831714268131e-01 2.500947789033586277e-01 2.412854387752298158e-01
9.420172911777641156e-01 2.615210379568725929e-01 2.516849723831021124e-01
9.462766312220348697e-01 2.796450361930019612e-01 2.619401181602151185e-01
9.502396129160649574e-01 3.032223001973259890e-01 2.730583657710964895e-01
9.539244937506806687e-01 3.198664546476899240e-01 2.851123562870341854e-01
9.573487478690571040e-01 3.088119058988155752e-01 2.981808444556278137e-01
9.605290471111022077e-01 3.252090438243371295e-01 3.123492132449422476e-01
9.634812525573891451e-01 3.406326766841609732e-01 3.277100316931242929e-01
9.662204149478008652e-01 3.617238147841776996e-01 3.433631590464727990e-01
9.687607825017446883e-01 3.807042777315517990e-01 3.536684682782753053e-01
9.711158148184292349e-01 4.029182704472312748e-01 3.634558803011256334e-01
9.732982016833335859e-01 4.271608942828963862e-01 3.740670283730164747e-01
9.753198857478605488e-01 4.542034335041708615e-01 3.851357686680472736e-01
9.771920881813124238e-01 4.273369275155372571e-01 3.892932482723269194e-01
9.789253365165707654e-01 4.506123681520665114e-01 3.938006330216232143e-01
9.805294940225998124e-01 4.740937499527088095e-01 3.986873719144067296e-01
9.820137900379084517e-01 5.024989468870328935e-01 4.039853924594631329e-01
