-5.972399972572040028e+00
-1.181217562547334055e+01
8.254959499324325378e+00
2.344318032662944695e+00
5.445000166379622364e+00
1.603294155381036479e+00
-5.009130037333705765e+00
-4.076768901966871805e-01
-7.347635098580092006e-01
7.667540843422328223e+00
-5.153050106989299772e-01
-1.765987339002910872e+01
3.036362047879889836e+00
6.698114090501016804e+00
8.012521276826909400e+00
-3.556295154057002250e+00
-4.006762734820526362e+00
-1.386254556430914953e+01
-8.070480647606229851e+00
5.764836134913303489e+00
7.049127685736438220e-01
-7.367776154342269734e+00
-1.158791850560935544e+01
-1.771491067378860507e+01
-1.529692954192308818e+01
8.235694501390220523e+00
-1.158592185554297949e+01
-9.779355953622889785e+00
-5.772966957519912512e+00
-2.031045237377332313e+01
-5.229294685703898438e+00
9.051328259781554308e+00
-7.178555132674209194e-01
-1.024738780745052225e+01
3.205096585762693628e+00
7.649254503961075535e+00
-6.770370495731354410e+00
-7.216875716665151153e+00
-1.787906731778099356e+01
-5.952186090644792316e+00
2.536391975136979227e+00
-7.709773979610427652e+00
-4.516986122042733420e+00
-1.224823916767273424e+01
-1.102292154706805505e+01
-1.573926394812738216e+01
-5.005416035051499790e+00
9.411207092791243900e-01
-6.377911876934923008e+00
3.433861098870846229e-01
5.854940576449148004e+00
-5.285099589089219396e-01
-1.830410655810900522e+01
-4.136580057420403023e+00
2.994009014836155114e+00
7.211507899884103345e+00
1.429307567421726488e-01
6.327947157346025531e-01
-4.224934528702474879e+00
-5.747473220242859782e+00
4.793486625720695393e+00
-2.071037330372458296e+00
5.381178645073493527e+00
4.856945492747635207e+00
-1.159593465490950415e+01
3.048582151100186266e+00
5.070451655799452340e+00
-4.641859515185813301e+00
-3.711998343656296440e-01
-1.135118922295704458e+01
-3.487799118215737071e+00
-1.404409250696022404e+01
-1.092097955147808941e+00
-1.262701866606843026e+01
-2.342835250405074632e+01
-4.754876788252357378e-01
-1.331238606833486138e+01
6.580782887461079866e+00
-3.982307941142478214e+00
-3.495445475872422936e+00
-1.171244885238625066e+01
-1.360030260725800488e+01
-8.483011294224638732e+00
-1.075238105136309485e+01
-1.472152724360803511e+01
6.778813243895746687e+00
-1.605837485741489701e+01
-2.034782120458298849e+01
-2.822185180759667844e+00
7.081780512274272965e+00
-6.435436302186800184e+00
-2.413796397266420257e+00
5.393379371772336617e-01
3.181661176991645856e+00
4.217129956448250061e-01
2.093592210499364281e+00
-1.583328198365337336e+01
-9.239532387558064386e+00
-3.781790824513035609e+00
2.871733280354641593e+00
4.790064611931573957e+00
-1.584909006735136039e+01
1.830441185436971319e+00
-1.962616533550038156e+01
-1.966040183179173795e+01
-1.320805976791150194e+01
6.707222570022501884e+00
-1.012665849109188887e+00
8.107291711730772121e+00
-1.247317292090041718e+01
-2.281084065502893665e+01
-6.153295880570252230e+00
-5.775311082035172738e+00
1.486402602616878399e+00
-1.025023743575264312e+01
-2.381370423066560704e+01
-4.403370438755645822e+00
6.940678547821269362e+00
3.898083903290592289e+00
-1.629622659780332583e+01
9.011857843845188398e+00
6.185266014824325254e+00
-1.588586489874614038e+01
5.617109151476594064e+00
-4.276392142175582833e+00
4.627648855236291325e+00
-1.618125315955361643e+01
5.656332760664696480e+00
-2.221481710585655023e+01
2.994154318468631004e+00
5.388162029937493713e+00
2.097010885864608820e+00
-8.022085676659250097e+00
1.300502638657415666e+00
6.212490329556558111e-01
-4.796139047887160167e+00
-8.663831517222456924e+00
2.435108688407510991e-01
-9.174589010748208651e+00
-7.033005058782304530e+00
-2.890733391481269177e+00
-9.115683583543390256e+00
-1.259860391772991228e+01
-3.514996783414287229e+00
-1.538546284666121622e+01
-1.011020183888590473e+01
3.328474381555169170e+00
7.685237203620233437e+00
-7.951820978131551865e-01
-1.732311787931573477e+01
-2.553729424512082069e+00
-1.915519739759842111e+01
1.083070600325997557e+00
-1.531724127852802475e+01
-1.487357031249540995e+00
6.082798938255671750e+00
4.680274635824646978e+00
-1.195690494352943212e+01
1.422358478634325074e+00
-1.592000111309184263e+01
3.054352435510250263e+00
2.972248869515818015e+00
2.152289862310515556e+00
3.636061742149579779e+00
-3.035397507240898407e-01
-2.809872887031342525e+00
3.109109735301885724e+00
4.453703346815605535e+00
-1.533871592081881019e+01
-5.387733953841005174e+00
-6.503777098438974669e+00
-1.151172700305372221e+00
-2.145000589276171965e+01
-8.813881681509016630e+00
-1.511873469463828457e+01
3.788346818063883514e+00
-1.310250774836971743e+01
-5.138662002979974552e+00
-4.802994713755437850e+00
8.203191799746486268e+00
-9.103657068153504284e+00
9.029981572561707637e+00
-6.001806667090837877e+00
-8.427120975100711675e+00
2.916371945912359820e+00
4.304174989831389020e+00
-1.221788215278473189e+01
-8.748490877150473466e+00
7.924781011362100003e+00
5.440426004155650475e+00
-1.678355362235629045e+01
2.283692201994263371e+00
8.682363409640043272e+00
2.832413713957368184e+00
1.975064593618370168e+00
-8.208326648297671113e+00
-7.545376826555299843e+00
-1.262251306511458182e+01
-6.881870295600554854e+00
-8.156903315936547827e+00
5.456291009543175363e+00
2.512706361476374273e+00
4.435632685096117633e+00
-5.055956500065939885e+00
3.151234807877853594e+00
3.948210838736197825e+00
-1.689229016907643910e+01
-2.330097115009710862e+01
-6.241242430595334234e+00
-7.243231469558281788e+00
3.528756408876601025e+00
-6.615048001956043144e+00
-1.130131020197665670e+01
3.890905511221458557e+00
-1.721850615137014273e+01
-1.457074807388152315e+01
-7.683940408718267001e+00
-5.711601404637676183e+00
-7.452975417698855409e+00
-4.936887081021535728e+00
-3.704285912828800820e-01
-1.481602390163848959e+01
-1.557434460670828891e+01
-4.778335828071238467e-01
-1.339006431088148119e+01
-1.108108963485487131e+01
1.037641696763830090e+01
3.705374539433905934e+00
6.316410344873572669e+00
-2.108303508662789927e+00
5.868500110792845170e+00
3.829199615655914934e-01
-1.501180479776731502e+01
-2.014167594102007186e+01
7.982975620010944739e-01
5.953863412847519854e+00
-4.203975704607271879e+00
4.354773879216963905e+00
3.063177074859670057e+00
-6.613769534211439094e+00
-3.364485183478567176e+00
4.717574158908679038e+00
3.688349743599083741e+00
-2.227954634496700059e+00
-1.502673591767604577e+01
-8.258369034756032789e+00
2.787293611549733541e+00
-5.417744688414597221e+00
-9.335114783019577089e+00
-4.806386223924117296e+00
-5.550359060423675217e-01
3.665697964158188160e+00
-2.052328335605963616e+01
8.708511554173364644e+00
-1.030014027740479676e+01
9.224680752596194466e+00
-7.096967500458775113e+00
5.761171777112783055e+00
4.006501354300722184e+00
-8.560742523244015967e-01
-2.657805216151725158e+00
2.648691788872502784e+00
5.154253217076905536e+00
-1.119042653944976884e+01
-1.641440558598081978e+01
-5.868458144658926123e+00
-2.671138996956389011e+00
-1.297140567777014475e+01
-6.560263405483683030e+00
-2.613704991385558785e+00
-5.089750219081629723e+00
7.738686512140357188e+00
-8.939378800197127717e+00
7.266269917275764101e+00
-1.530355133310894544e+01
3.963550540848568726e+00
-7.697200127198544628e+00
5.751434674478181464e+00
-4.935096919492675482e+00
-8.122865089503720881e+00
-4.536375892317057179e+00
-1.386700434732517806e+01
-2.004222565353818553e+01
-1.647039018277521194e+01
4.682481303658916794e+00
-7.305960645781432727e-02
-6.843052174237717722e+00
-3.050161286372397029e+00
-7.440993743094502122e+00
4.936702561073060380e+00
9.599851420946700742e+00
4.624058346442684098e+00
-1.368913338689517367e+01
3.952214361224811734e-01
6.111441277081254064e+00
-1.183692687594574977e+01
-1.898885978328963731e+01
-8.032370781061960230e+00
9.492249737521243347e+00
-1.387045437283280158e+01
-1.367803154830039425e+01
-6.629377771968479216e+00
-4.600917273241358352e+00
-2.090759341956092854e+01
-6.202156603535976309e+00
-1.276163330462988910e+01
5.453022744628183816e+00
-4.645524800414817967e+00
-8.077260481076484311e+00
-7.628187104723259004e+00
-8.187443693397666422e+00
9.633368027828831393e-01
4.196758785622092702e+00
-5.224150554006563141e+00
-1.354557524689435333e+01
4.951270573383959928e+00
3.990522323050232245e+00
7.455399479170662147e+00
-1.347856599330982164e+01
-2.982947084624777201e+00
3.347215507360641773e+00
-1.087797906389893932e+01
-1.312450343421771493e+01
-1.097656970397288134e+01
-1.319541253930581881e+01
-9.129073033081399613e-01
2.184371782596154610e+00
-6.078476172679536660e+00
-1.389629253732817560e+01
-7.101611304065082564e+00
-5.923240960512734077e+00
6.989420658216113580e+00
4.401022343054585839e+00
-1.084180463965897800e+01
-5.059768130653728768e+00
1.001590145202293058e+00
5.627964737566774289e+00
-5.573929769322946370e+00
-8.117875291467882448e+00
7.601148282797954181e+00
-1.109491339815303945e+01
2.219599322860755564e+00
-8.622652592277997741e+00
-6.992886180492161152e+00
-1.360910418009122047e+01
4.712038101102540288e+00
-1.079196848468471615e+01
-3.583902757300657105e-01
5.918516006207600100e+00
3.947005918596219409e+00
-6.950837870096372662e+00
7.239131959605513700e+00
1.228065781939643886e+00
-3.884407645674950782e+00
-9.941365973568007774e+00
-1.882973602576630867e+01
4.255546253346467189e+00
-3.953443994823320651e+00
-1.779435769034259707e+01
3.103997752171213875e+00
-1.140712271235318731e+01
2.828412002794021607e+00
-7.714482231673916779e+00
4.904632805909746041e-01
-3.361818524913523287e+00
3.269700943574972651e+00
4.987672230685324948e+00
5.101825252641172703e+00
-6.187858253596605351e+00
-5.780369375040569579e+00
5.274752034553058522e+00
-7.126383281884564269e+00
-1.361538563386917700e+00
-4.867369322913641660e+00
-1.278161374226704794e+01
-7.369695393730771649e+00
-3.184766131237952713e+00
5.123414482576119866e+00
5.735432822326846036e+00
-1.337515049529907962e+00
7.374447189351942100e+00
-6.321032770485938812e+00
-1.619011404920805575e+01
-5.936337610753327887e+00
-1.017524276023697283e+01
5.442021806510358495e+00
-1.234187574038582724e+01
-1.085670002575161242e+01
1.350424188989643559e+00
-6.791848037859268827e-02
-1.297798251171142958e+01
-3.069363549699128946e+00
6.201333489905113794e+00
2.668161479931407509e+00
-7.253850159498314021e+00
4.473418487368181040e+00
-5.122490088115106310e+00
3.976385529570949373e-01
3.426039136704487564e+00
4.109166708372870680e+00
-1.221899297085891334e+01
-2.254483805597783075e+01
4.148088663084768868e+00
3.471182136576250521e+00
-4.242944615575535927e+00
-1.557671043682939427e+01
-1.532545469850790631e+01
8.089000662676363307e-01
-1.472015994076194190e+01
4.543429276475937861e+00
-1.217328352584240925e+01
9.457300266819035350e-01
-6.442238607708111076e+00
-3.407193996683937964e+00
3.046257429935202321e+00
-1.756913512173382586e+01
-1.254102534082368336e+01
-8.553510187572406664e+00
-1.126682619790588724e+01
-6.451403688004124781e+00
-8.349522198421924557e+00
-1.900599590161958474e+01
-1.605836115993484725e+01
-1.083045500986781562e+01
-9.389812467105855376e+00
-6.958720921236329460e+00
-5.548399611268666654e+00
-6.370748304303661236e+00
-9.177467335939956783e+00
-2.866890487470326043e+00
-4.202793557264334900e+00
-3.421290296745826964e+00
5.779502663898714587e+00
5.563956402161951864e+00
-2.355772684046220089e+00
-1.548055291780044662e+01
5.065360006308623930e+00
8.874316299942449859e+00
4.091735616845618040e+00
8.620641426719538813e+00
-1.252475129145873778e+00
-9.655991554467012961e+00
-4.279395803994948677e-01
-1.393359243834349037e+01
4.712274030380681822e+00
5.668917504508682370e+00
-1.770533965937201870e+01
2.778464624560419871e+00
-1.266802739870073502e+01
-1.441361547631436402e+01
-7.092969491326947207e+00
2.351585003667210572e+00
5.415495314141143268e+00
-6.562731141212421626e+00
-1.055970965366211978e+01
2.957529833556555410e+00
-1.478583266998836265e+01
5.656522786735342923e-01
-1.192566448694120318e+01
-1.052034932299492098e+01
-1.852486745884014141e+01
5.999430049839504342e+00
2.623358885187118794e+00
6.413758291174381121e+00
-9.549359369713537049e+00
-1.522205583958563047e+01
-1.949849782805112497e+01
4.156545773732853277e+00
-1.111524450127934038e+01
-1.200758379022953015e+01
7.512236883880882843e+00
-3.448820405946053214e+00
9.823314926690210891e-01
1.213281835797917818e+00
-1.935358273897072223e+01
-3.142842873214538368e+00
5.950988180530255356e+00
-1.127916942214089779e+01
-1.150289828189659680e+01
4.104897569224497111e+00
2.470729425418317415e+00
-2.659091587628623632e+00
3.651887754798055941e+00
-1.024051681495581434e+01
5.585225451715221112e+00
6.214948436397829568e+00
-5.541423152141082831e+00
-6.264350524843429469e+00
-2.746714110864916680e+00
-9.784473638841447496e+00
-7.832649643522777261e+00
7.224577594001099001e+00
-8.006009939914424223e+00
-1.711597639972944407e+01
6.974290556154257859e-01
2.862740210811151709e+00
8.622273117831653622e+00
-1.548503467515068088e+01
-8.391611515798633292e+00
-2.279669311121103803e+01
4.115681813521379517e+00
-4.916532151085086788e+00
5.272256666925889235e+00
-1.185729192259513987e+01
-8.536399161514694356e+00
-4.765360591810600788e+00
5.511785086890752083e+00
-1.293933515694755521e+01
-1.126705425304778529e+01
-1.059497494245237625e+01
2.956935792759710857e+00
3.168666347780512704e-01
-1.290495573612048119e+01
-7.986679771275094097e+00
-2.301664298361976435e+01
-8.294331622858656772e+00
4.347886789894972459e+00
-1.331484517488494568e+01
-4.901989362850210696e+00
5.651911458038432201e+00
-4.075403495627506700e+00
-7.976795476904761095e+00
-1.932733172875350514e+00
-5.698974426016824246e+00
-4.225537340992485014e+00
3.968287852298991503e+00
7.837008730736307882e+00
3.867551802741684863e+00
8.471475301852343875e+00
-9.292092623565595400e-01
2.522377825919996486e+00
-1.606030516678213615e+01
-1.178134929881374582e+01
-1.643401848998857329e+00
-6.447176981170096077e+00
2.593883533451894152e+00
-1.316287186903566919e+01
2.927145046909934045e+00
-1.745676478984793434e+01
2.734810284131699909e+00
2.361060445733111912e+00
-1.543484984022237549e+00
7.103241239768999238e-01
-3.236774480240085072e+00
-1.671451799997280929e+01
4.690918185151710773e+00
-9.289017237649122904e+00
-1.383044567039884853e+01
-6.334706701515742999e+00
-6.801627052854715139e+00
4.150598215525565848e+00
-2.052337578318014266e+01
-1.187568253272534946e+01
5.804746550431375773e+00
-3.000437740514763973e+00
4.805051469566622657e+00
-1.257181215308055222e+01
1.016636747845385003e+01
-6.693052454563058085e+00
4.743007528255956728e+00
-1.163037131424323078e+01
-6.091459482728827091e+00
-1.271740657811510822e+01
7.837780185645447872e+00
4.647381570944157048e+00
-5.336718937759926007e+00
-1.667491369811747859e+01
-9.462873144546215087e+00
6.613539615424127049e+00
7.434402316658990983e+00
3.758422552954104323e-01
-1.342959666832799748e+01
6.434915162323825433e-01
-5.368603389040200291e+00
4.344782162269099857e+00
-2.250350424113749170e+01
-1.921268037132447093e+00
-1.306888870173833972e+01
-1.012114282200962556e+01
6.019187730520122237e+00
-5.492816293732531108e+00
-1.296184144432301011e+01
-1.775501191651193977e+01
-1.452977964832248148e+01
-7.707322620260453228e+00
-1.715245971106688216e+01
-3.298691355420563021e+00
-1.227973193678735697e+01
-1.065471149471296108e+01
-6.237263972040933524e+00
-8.759205231419198157e+00
-7.079157083799911376e+00
5.847842116094326137e+00
-1.845792564933391944e+01
-2.283153640734790457e+01
-6.115573793670413538e-01
-1.233862006456747906e+01
-1.371740756213068479e+01
-1.313065170134496107e+01
1.350350644679015888e+00
-8.603236857904816404e+00
-1.320916348796432338e+01
-5.821377485145283082e+00
-1.571706748804240128e+01
-1.244113147737618519e+01
-3.771326094378539384e+00
-9.683678985559369679e+00
-1.213334683082960375e+01
4.919532691019431248e+00
-5.851778536084883520e+00
-8.512929830090527616e+00
1.140042405608270304e+00
-5.649858850052885906e+00
-9.999941674176543671e+00
-1.615861822315421747e+01
-1.439876147765512826e+01
4.987061045981542762e+00
2.512702109765583725e+00
-7.296892345037624850e+00
2.533283593743913098e+00
-2.518334796592311520e+00
-1.169337642531320931e+01
5.522696621286796947e+00
-1.684592414619438827e+01
-2.531202498244330412e-01
-7.253154844846038785e+00
4.351172847336949090e+00
-4.790098859493725492e+00
-4.685496888289510053e+00
-9.571956698521878693e+00
-8.454755412245145152e+00
-3.199801109135511634e+00
-9.405478170287784323e+00
-1.097111413475853148e+01
-8.876695793258633671e+00
-1.120643820158006498e+01
3.494854154512487820e+00
7.027936649797361213e+00
5.481662624346117951e+00
-6.450300911296409367e-01
3.399295442034457881e+00
-7.745185690729163852e+00
-1.698579817575116557e+00
-7.933286369275942107e+00
-5.530572871522950962e+00
-6.808140059312114190e+00
-3.868127823825513012e+00
9.896753554833935596e+00
-3.048633875898830503e+00
-1.494132243482999378e+01
4.018573248690453958e+00
3.464598600364824144e+00
-8.097624485064084610e+00
4.530388668823221110e+00
-2.164312322328686378e+01
2.588848680905432298e-01
7.882100738239516069e+00
-4.778643727655897067e+00
3.131555585130902930e+00
-8.775821329847669716e+00
3.577063211818934718e+00
-5.861494159401885007e+00
-1.656716262491244862e+01
-5.556909734514241528e+00
-4.079976718121401946e-01
8.095394913560040706e+00
9.515387022427418628e+00
-1.688232146475099071e+01
-1.416367812747895805e+01
-1.118480846031594389e+01
2.278666627744608153e+00
1.028309281556425425e+01
3.496259306958444224e+00
-9.579017670062073719e+00
-6.642843981740055526e+00
-2.162610707508108376e+01
2.675768190925403633e+00
-1.810580349525961452e+01
2.649849105949201089e+00
-1.224085918856265742e+01
-1.203203552763316786e+01
-1.166581249880950288e+01
3.781956330297909119e+00
1.363159522878711893e-01
-9.479366674941282156e+00
-8.178590109495997851e+00
-1.465058436360784277e+01
5.579733678367050587e+00
4.680609934880041401e+00
3.687677778415833441e+00
-1.787113464148125175e+01
-3.806447302530375332e+00
-2.114456458872581823e+00
-1.018435670366995005e+01
-9.611846060601884290e+00
-1.666828851889801655e+01
-1.501583523084918248e+01
-7.912903231518699343e+00
1.984268414223180343e+00
-1.190841864070538136e+01
-2.323677795212463870e+00
-5.267760051232997398e+00
-1.239618497223513849e+01
5.850080074735184432e+00
-4.971790611002520954e+00
9.681047388927247477e-01
6.794322207556746207e+00
4.321534384572430554e+00
-1.860606312727610856e+01
-3.351781069096138932e+00
-9.741497197052089163e+00
-5.123305689008449404e-01
-1.053626441546706971e+01
-3.395085316948383003e-01
6.029250114164647734e+00
-1.495357378558722949e+01
-1.063179196643023694e+01
-4.284079560960573296e+00
1.638684680803164317e+00
6.362435188234969452e+00
-2.326210791329989203e+00
-1.178656263986744435e+01
9.086257835085392864e-01
1.091588415979094284e+00
-1.339407970518445978e+01
-3.744323611187140521e+00
-2.076712977256398673e+01
-1.432860580072641277e+01
8.058237237191304914e+00
-1.658777200522638395e+01
-9.777283581895247266e+00
-7.253543782421929542e+00
-1.318644590202144684e+01
-1.357528765943739657e+01
-1.003401626245405431e+01
-1.382849032482877760e+01
-1.550021584313539202e+00
-9.706631835323181079e+00
-1.194884951823532759e+01
4.834498610274607699e+00
-1.683510311359333400e+01
-1.817841030038545824e+01
-1.287852744341912326e+00
-1.827394821516103995e+00
2.629077020639597695e+00
-6.600337930790372454e+00
-1.089537378124965628e+01
5.393015324392234078e-01
1.565155853270364661e+00
-8.892226015453733368e+00
-1.262941582571470889e+01
3.057095046590563747e+00
-3.144002214914063953e-01
-1.414745969880018173e+01
-5.026155709567579954e+00
-2.845133668337510802e+00
-1.209348046390173348e+00
4.387189131935745223e+00
-9.184125274906534742e+00
-8.437727769364492758e+00
-1.172610189823339200e+00
-6.038897949961604894e+00
-8.620853968507908860e+00
2.881366042291041651e+00
-2.302252190623335082e+00
-2.130084838076385267e+01
-1.362467274358056457e+01
8.227045827102267950e+00
-1.593323150820249090e+01
3.110173993905903878e+00
2.268186965315913906e+00
-9.184855452046081226e+00
-1.362914714037855468e+01
3.079396172174649671e+00
-7.180662622298316755e+00
8.767054603081689379e+00
-1.773471241354892669e+01
3.976228588875425185e+00
-1.359217025127972178e+01
-6.908404141839015189e+00
3.887907975376105330e-01
-2.523601870440977279e+00
-4.622737574517975290e+00
8.388773876223300618e+00
-1.824419145801601871e+01
-6.481266352622230276e-01
-1.719261980549313051e+01
-3.189771991500272019e-01
3.414617743164542141e+00
-1.148895081333182588e+01
-1.147468639597904883e+01
8.234144633698010196e+00
-4.272919900752158995e-01
1.282173362384558812e+00
6.480139106148544492e+00
-4.624423419684952075e-01
-1.051207813591835682e+00
2.049833539263313131e+00
-6.471054575185175572e+00
-1.065660737836843275e+01
-9.478831242802886692e+00
-1.452680644654051889e+01
4.979838952381263617e+00
-1.073749361588850881e+01
-2.010109428120969355e+01
3.892504793384624406e+00
5.074873516396197992e+00
-7.844236643573179180e+00
4.101645007481280913e+00
1.633221653335697132e+00
-2.004570828678280847e+01
-1.624505424041606361e+01
-5.312969215500324083e+00
-1.184120532716962160e+01
-1.169504929297140272e+01
-1.857801235789519723e+01
-9.492767057725988167e+00
-1.579160263468617131e+01
-1.812399644124668585e+00
-4.140218308103082556e+00
-9.460244911395625067e+00
-8.835955323540902739e+00
-1.085429233024132190e+00
-1.324305099548014120e+01
-6.661438435768783917e-01
1.117437297910658822e+00
-1.387560318785626023e+01
-2.106693117447069952e+01
6.807921730661742110e+00
-3.509277690235605984e+00
-1.346397363347502107e+01
5.765122305526484858e+00
7.054541738740419454e+00
4.588253776859930078e+00
4.860772980743834459e+00
3.544776897166067808e+00
5.869133251447069988e+00
9.027841649236920674e+00
-1.395317921303976050e+01
-3.126831024820179383e+00
-1.823049504520404795e+01
7.408212986166817338e+00
3.171820561786775072e-01
4.361376570023442589e+00
-1.340450970418402399e+01
-9.838366885598034628e+00
1.340860899397678052e+00
-1.187623216944365190e+01
2.816323347895684392e+00
-1.472545983920888624e+01
7.394595921897117563e+00
-1.309432079407377358e+01
7.126667610311065104e+00
5.360442022905838932e+00
5.208519703718995864e+00
-1.553915237729272825e+01
3.377470405349896065e+00
-1.687057044472409117e+01
4.974985365661377945e-01
-6.692516430942638372e+00
7.240304347216361514e+00
-1.044194976413718656e+01
-9.446649808698564854e+00
2.768842849288109864e+00
4.843694112670692498e+00
-1.122006236803782997e+01
5.756328354107410838e+00
-1.809938153594208643e+01
-7.390865960235139198e+00
9.037430830939867654e-01
-1.103999235518194943e+01
-1.089998235190227227e+01
-1.259563963146822019e+01
-1.319234761904549558e+01
1.778397999601587509e+00
-6.654392413276722706e+00
7.527793975257258019e+00
2.386352467926065035e+00
-1.053586021377210535e+01
-8.822621881212214134e+00
5.456143038174414706e+00
-6.269401140663268812e+00
-1.716063608675174379e+01
-7.858818546678016048e+00
9.159917911602434515e+00
3.905694263872435901e+00
4.861419128826025116e+00
-6.331920508967963990e+00
-3.902891407313511696e+00
-8.192183211798557352e+00
-8.366728232751329486e+00
-5.843567479217162131e+00
-1.172332736854669655e+01
1.329028452397871041e+00
2.073815957812756405e+00
4.347762391388288350e+00
-8.666203947889039583e+00
-9.686341904325798779e+00
-2.042712045511428709e+00
4.828463011881311218e+00
2.779093662638154605e+00
-1.291088816544753293e+01
-5.637965612512678693e-01
9.351571234901188134e+00
-1.668665479406219987e+01
4.521394515558414540e+00
1.150673353839718693e+00
3.901619945558363778e+00
3.138907197220480949e+00
-6.355780773151835206e+00
-1.680502631062553220e+01
-5.160732752275610125e+00
2.461510334820292911e+00
-1.616339674235778290e+01
-1.622589145963760471e+00
5.231836785876054385e+00
5.404325189294201692e+00
-5.014319459018869551e+00
-9.267058422158430675e-01
-1.002690657172709798e+01
-7.914011648625433715e+00
-7.586318958613294861e+00
-1.591818493722348649e+01
-9.907039726001723778e+00
7.507539875293707254e+00
-9.217039722950048031e+00
-2.645707014578277239e+01
-1.011231912772362662e+01
-3.918829415448953135e+00
-1.293079752512612046e+01
6.793460279446734695e+00
7.705558929407363422e+00
5.994185978907039747e+00
-2.557741891851580007e+01
-1.347159095482450120e+01
5.841386093363369447e+00
-5.276194692095586447e+00
-1.421392457177023338e+01
1.884280009849338688e-02
6.701165696757025891e+00
-5.620024621290942157e+00
-8.805650739266942750e+00
1.879294025886563135e-01
-6.323493172599405909e+00
6.594724190714449819e+00
1.729114631866746077e+00
-6.074346589783246486e+00
5.844943377788776928e+00
1.459935450608216723e+00
-1.696175279664773683e+01
-7.663506553000638988e+00
7.959496463429818647e+00
-1.074667433617418766e+01
-7.771202996930510309e+00
-8.533112643891543669e+00
4.019560414424200978e+00
3.335984370018835410e+00
-9.813476755354015424e+00
-3.934673932195456025e+00
-6.380433222513592462e+00
-1.162964433442270007e+01
-5.298905552234746352e+00
-5.822169724980355010e-01
-6.599784090973735751e+00
4.894072215103001389e-02
-3.544441092581164909e+00
-1.483377823565921716e+01
-5.371467890955983204e-01
-1.288931644309440117e+01
3.743993578144569678e+00
5.001644082267227454e+00
-3.593422645243673497e+00
-1.043509448344076240e+01
-1.199919924884347822e+01
9.688251579693799798e+00
5.161544100290542225e+00
-1.237857418347075011e+01
-5.218824937727656987e+00
-1.312047850515534009e+01
-1.364744876372542848e+01
-1.697599534583485337e+01
-7.496365103596258628e+00
-4.266275364598407727e+00
8.379525401698760589e+00
-1.301597215293927690e+01
3.222477371266724067e+00
4.522766154228961000e+00
-1.037126183007641700e+01
6.888997160139576970e+00
-1.467843211620033017e+01
6.985757227180462436e+00
-5.825997505436308010e+00
3.354727902578804599e+00
2.340668338282552163e+00
9.944151876090977504e-01
9.994129426337588384e+00
-8.535729214063110248e-01
4.483187879978578039e+00
-1.583175272823131152e+01
1.618449321189851631e+00
-9.427483308518539218e+00
9.576729259773591352e+00
-4.105120890203462380e+00
2.992028291508564308e+00
-3.198057729396864612e+00
-1.716358310910966267e+01
-1.730930825922208172e+01
-2.041293765321486831e+01
2.327624927662978127e+00
8.804355220499177292e+00
-3.648951935059338014e-01
6.703040318353604476e+00
7.376257655300400451e+00
-4.682077076057495901e+00
-9.661079400859325261e+00
-1.370875711186207546e+01
3.590685155121366545e+00
-1.464268887624576720e+01
-8.943203336541024839e+00
-5.882154689026241279e+00
-3.182860128394804811e+00
-1.513130042293153465e+01
-6.678174522855474526e-01
-7.611856408312791977e+00
-6.855472247430897781e+00
-1.299563206000856042e+01
-1.587477348349537909e+00
8.815558842719237731e-01
9.445658352943917535e-01
6.371676120141581690e-01
5.525498892153192010e+00
-1.103147407861682616e+01
4.004879922460413688e+00
-6.732371524398724993e+00
4.754728878380151791e+00
1.905888307791509417e+00
-5.680447060960469585e+00
-1.169252662129430931e+01
-1.429868797217088172e+01
3.344451742893235657e+00
-1.821279129830422505e+01
-1.849320823899992305e+01
1.773257985970328576e+00
-1.605360589958060658e+01
-1.102833369535698438e+01
-1.225379598021967986e+01
3.913708001267260261e+00
-1.730593982329437708e+01
1.116709347932324237e+00
2.815838836167777970e+00
-9.829521921086051606e+00
6.202736473657058269e+00
-2.055350507560869566e+00
4.250717922849029051e+00
-7.600184434277190704e+00
-1.695859796052545221e+01
-3.820001060286516203e+00
-4.146005270587824754e+00
-2.951491047723624916e+00
-3.401622212530416967e+00
8.263718634706590294e+00
-1.223905069631044285e+01
-9.740572263447813128e+00
6.947516725051020359e+00
-5.131693229569656900e+00
-1.138172890559470041e+01
-1.063820116516707692e+01
5.615068939923528291e+00
-7.501158760096958034e+00
-4.495048553140740921e+00
4.652282566369311922e+00
9.021649345337066084e-01
3.345247681009113183e+00
4.379541670413795162e-01
-1.578462123839649323e+01
-1.121557104041600539e+01
-1.733724555474067230e+01
4.463218778999085146e+00
4.312986096213527354e+00
-1.226898527674887696e+01
-6.695683791253732586e+00
-1.399683872317225841e+01
4.653415981367959198e+00
7.125831265356303845e+00
-8.139083629393748964e+00
-9.856437700524375956e+00
1.104522957870971434e+00
-1.492498997569373387e+01
-1.003168269074597418e+01
-3.884601302198739781e+00
-5.500631071694026097e+00
-1.873407290484439258e+01
5.184510727543107045e+00
6.818929918241857457e+00
-1.917222538852053759e+01
6.088386940214284948e+00
-1.123104998717295366e+01
-6.323061206636181097e+00
2.292428776251421052e+00
6.622890268657193324e+00
-1.652720923818344190e+01
-8.676034849002904892e+00
4.484351233260623459e+00
-6.481619619774854790e+00
-1.847799046114398536e+01
-6.617447163165336654e+00
3.428532257036917663e+00
-1.280299583094966032e+01
3.973670708401887630e+00
-6.001217308585536925e-01
-6.710839896850631980e+00
-1.531093010134837584e+01
1.311398060687831046e+00
-8.863823297506760568e+00
-1.343666645271972548e+01
-6.313445309658706428e+00
-3.486496324386668455e+00
-1.404409441526405899e+01
-7.880503713274295663e+00
-9.926330347153399458e+00
-6.011611140214155213e+00
5.363418454257153911e+00
-1.069035168418291804e+01
5.463152295184451113e+00
-1.782066252735198475e+01
9.741133314484992090e-01
4.446963047029182547e+00
8.184813219665864281e+00
-5.355185964544855182e+00
-1.840575062232644721e-01
7.007185817770751335e+00
-6.420738331668496279e+00
-5.634166853842978107e+00
-1.555365058634192010e+01
-1.040281677169387464e+01
-1.421627904888675076e+01
-2.368024200763112219e+01
-9.622612736737149675e+00
-1.096682446960407908e+01
7.192374088536792165e+00
-1.084424393343740967e+01
-1.547438354113054082e+01
4.992033736946216216e+00
9.701125326741443233e-01
-5.707460320524772257e+00
-4.538877047680958121e+00
4.083030563884498143e+00
-3.444570910073347036e+00
-6.507142594033082261e+00
-1.289290631924740715e+01
-1.398176456147431601e+01
-1.170027648946815013e+01
8.043339052376961007e+00
2.080281840635176849e+00
-1.642291051050468553e+01
-2.578104750275361567e+00
-5.031491795912605092e+00
-5.761387195931262362e+00
-1.333099379755648739e+00
2.445490008606251653e+00
-1.826031220376226116e+01
-6.717174750780119830e+00
4.977556191241049532e+00
-1.246392376357341014e+01
-4.422345462497037083e+00
-4.444318157226874177e+00
6.105063454168151438e+00
1.820332936075405694e+00
-4.691903622762226611e+00
-4.812383109584700058e+00
-2.230217747247044713e+01
-8.373544174828646547e+00
-8.672851663580951609e+00
-2.277074146080730443e+01
-1.666616894366896062e+01
-1.283700316384475215e+01
-4.878361535333924692e+00
-7.404810724372684838e+00
-3.500561766573475619e+00
-8.771235447730547641e-01
-1.070046916160915629e+01
-5.307369807040711152e+00
1.853150273468844977e+00
4.820651535179965919e+00
8.159336689751736316e+00
6.777259542502392264e+00
-4.597307608029373327e+00
-2.475886219655122389e+01
-1.716345255364280931e+01
-1.537980486117166201e+01
-1.064015200981954834e+01
4.120579149898977001e+00
-1.520357579219403910e+01
1.540484389894508199e+00
-1.102367469233056241e+01
-1.489609746040908078e+01
1.539538476414739065e+00
3.549325917370221628e+00
3.141213012694646700e+00
-1.011973656340449601e+01
6.869231849828905112e+00
-9.006813734122795623e+00
-2.707590623715916855e+00
-1.539574939241499330e+01
-2.264593919994723148e+00
-8.573184172561507665e+00
-1.190881135527460266e+01
-8.451306424185506927e+00
-7.610529339842272201e+00
4.894673632751462833e+00
-6.669161577270233288e+00
-8.253284323497970476e+00
-3.137071407393697609e+00
-1.474029808629449967e+01
6.591764730022083185e+00
-1.262293353422293540e+00
7.956786645825367543e+00
-3.992658505258863677e+00
1.453544343552501728e+00
-1.360737676056451484e+01
7.222430710560812095e+00
-3.675790705604626396e+00
5.244741963307315125e+00
-9.374872830855057515e+00
8.211630508636076797e+00
5.368422445317126090e+00
-6.034127093963379096e+00
4.864816072524028812e+00
-6.383929572250076845e+00
5.549745744702478945e+00
-1.060086030611224395e+01
-4.750652683001136189e+00
6.239628136701481864e+00
-8.171273183916431648e+00
-7.246092370618236522e+00
-1.716403987559961664e+01
-5.712017186307244643e+00
-9.839006700257336036e+00
-4.535118141292749705e+00
-3.720061412560046410e+00
-7.883448789910571186e+00
-5.997966119302946986e+00
-1.056742124151587525e+01
-3.999874456501840925e+00
1.859733321783881843e+00
-9.935683450224358282e+00
2.932345003147566853e+00
-1.589469917301391533e+01
-1.066623695109736580e+01
2.670891447854460310e+00
-1.037367373770269552e+01
1.825073474374528715e+00
2.996413329643385914e+00
-2.140007673059356108e+01
-6.577670069283613863e+00
-1.705912516722921879e+01
1.871641454306418595e+00
-3.970592607870282897e+00
2.562204343160801923e+00
-1.862922175816487780e+01
-9.959004619973107708e+00
-6.695526110531040409e+00
-1.145395505803940672e+01
-1.134292914267977892e+01
4.773788525942677552e+00
2.960425898031242564e+00
-4.510316999901036183e+00
4.142897128327177825e+00
-1.724219749591442863e+01
4.258984483884988848e+00
3.815702760893003198e+00
-1.434162532746822727e+01
-9.641789266419584337e+00
1.474821627968361026e+00
7.834169187800348766e+00
-1.522346247305799061e+01
-1.512541027332701127e+01
-1.554632819924207077e+01
4.939566493714830031e+00
7.341731899565393960e+00
-6.602392698835786611e+00
-2.438848577623194203e+01
-1.065322893265004289e+01
3.645406622291689214e+00
5.037862657955934687e+00
7.141941300091778189e+00
6.619331185582730370e+00
4.047018451117651239e+00
-1.315193658160250401e+01
-2.638477095499785108e+01
5.509601970131760673e+00
3.982751356959930877e+00
-9.493202075223241110e+00
2.373114389661402868e+00
-2.326903886329339599e+01
-1.075868945198113202e+01
-1.117738149678215009e+01
-1.293263594838798269e+01
-1.597140395610272279e+01
5.650246699199795053e+00
-7.071027766438849227e+00
-8.948051517505698271e+00
-1.064878196080320372e+01
-8.614326681336377689e+00
2.757888505757854603e+00
-1.064300520931492855e+01
-1.394807482598374726e+01
4.219169090466405869e+00
-9.619994485124152561e+00
-1.091833152280192509e+00
-1.730790479638234558e+01
-7.001262933735648453e+00
1.157088279149157195e+01
-1.230681760790717050e+01
-1.259422505430088357e+01
3.484887261499713951e+00
4.525679557129192787e+00
1.047511971747419324e+01
-6.877834520184869405e+00
-3.781918199989547369e-01
1.290372702625161239e+00
9.016460846610270252e-01
-1.564632613631212621e+01
7.482480684316127117e+00
-9.436215047250080090e+00
1.033305105003839053e+01
-5.422985012411852601e+00
-1.200119105233744676e+01
-7.292776476927376628e+00
-1.687219078938580097e+01
-3.121985957061743200e+00
-1.063908020632263707e+01
-1.367889681764656196e+01
-2.616874591475238931e-01
2.449121300362260278e+00
4.274845916575910287e+00
9.443011182541429349e+00
-1.255024425796763587e+01
3.585549322016784668e+00
3.267088659333292622e+00
-1.293865116375321200e+01
8.067324007053548129e+00
4.825629334401463133e+00
-4.011903709581080335e+00
-1.956991894968910373e+01
1.702468180616507842e+00
-5.184218592663011549e+00
-4.131890553992874082e-01
-5.483311937117077761e+00
-1.158466609155917126e+01
4.726738308068615169e+00
-1.190597034980449642e+01
-4.961994113988830613e+00
4.838720801938130034e-01
-9.639869196394139195e+00
5.118777886257875664e+00
5.585125999987184287e+00
-6.699251117858429971e+00
9.469887511995315199e-01
6.023467281055010503e+00
-1.219017692861054325e+00
-1.112408573468324313e+01
-1.859122179092263139e+01
-5.750572135191777789e+00
-8.846251838129996159e+00
-1.779702219627928983e+01
7.824245852111065602e+00
5.955703676635129007e-01
-4.763146407894053525e+00
-9.127409824558061047e+00
4.016138107678350444e+00
4.734872605277430146e+00
-2.230895363662211750e+00
-4.848587462776305479e+00
-1.292947982910409266e+01
-1.622664709380129722e+01
5.680543972010942966e+00
-1.812462364003051363e+01
5.212420839292033481e-01
3.609734239208726159e-01
-1.074061580026161700e+01
-1.755075672748912652e+01
-1.215915530311377246e+01
-5.697332783350750773e+00
-1.270872657920715376e+01
-1.615030737702315022e+01
-5.222051472934888139e+00
1.844775110271712260e+00
3.800290332195280119e+00
3.229727482168771591e+00
-8.173622482504105946e+00
4.584095474276478899e-01
3.256797863816046079e-01
-7.539750607521368053e+00
-5.376966448113372543e+00
-6.036199558149713873e+00
-1.037128826916375779e+01
-1.956288537841930619e+01
-2.148542460353857209e+01
5.192355819011249984e+00
5.265225381007163641e+00
3.028367640568924712e-01
-6.910674355500927568e+00
-7.003770563246498604e+00
6.707588212009629736e+00
3.231222609049924532e+00
-1.104572548375334407e+01
-1.472638206286602980e+01
-1.048854485959928518e+01
4.471746987637973625e+00
-2.767603135457285290e+01
-5.654782543174368570e+00
-3.015903790181397870e+00
3.145389735290544664e+00
7.836480638418915845e+00
-1.352402965250599776e-01
-9.368146491735142689e+00
2.209153246051882569e+00
6.021588032577993133e+00
-2.747242844618006608e+00
-1.840029446252689382e+01
-8.457845815141340040e+00
-1.749916218634370679e+01
-8.413753623334964127e-01
3.753562860680198732e+00
-1.065564303553436076e+01
4.234300309723376010e+00
5.181986181198563912e+00
-1.535122010732649978e+00
3.567526095720800150e+00
9.826535302789098925e-01
-5.151972117407060736e+00
-7.332106879710250880e+00
-2.571877321351370593e+00
-1.586308540804487599e+01
-9.402990288730821433e+00
-1.001707710082184022e+01
3.718901168319693529e+00
-1.000015512158418929e+01
-1.260628563607883024e+01
7.197847890616987376e-01
-1.202013187235597336e+01
-4.743624708231520160e+00
-8.434405492574169827e+00
2.440508519473928661e+00
-1.299467077540849225e+00
5.089737407957198201e+00
-1.958800881633650626e+00
-1.030851349210317380e+01
-2.555185463211048003e+00
4.760498330512685783e+00
-3.721926745241603829e+00
-6.106199200721409426e+00
-5.316332231326998503e+00
-6.097119513982786287e+00
-8.418203447977530729e+00
7.238568308939044016e+00
-1.113961642304264288e+01
-5.867147861687956656e+00
-1.628990569953276335e+01
7.019019489175799542e+00
-1.166774765533719282e+01
3.552221675823066249e+00
-5.232793244767745655e+00
-2.904659587498664486e+00
-1.532722785318759051e+01
-9.982893085628779417e+00
-8.371660672115861956e+00
2.829321524739510374e-01
-1.590969903566218413e+01
5.212778452155538922e+00
-2.738884660833278417e+00
2.216409018414573939e+00
1.045214494981993703e+00
-2.023220302427592898e+01
-3.648941648877560340e+00
-4.242782669951695951e+00
-4.327137267169967494e+00
-1.179484791273343802e+01
3.035929595213184840e+00
6.796407475613696292e+00
-1.151516102212218584e+01
-9.606621922243638423e+00
-1.317874082024947846e+01
-1.509685185007960762e+01
-1.456617858547770972e+01
2.530733800337609196e+00
4.478234647589570905e+00
-1.845174800603599152e+01
5.797881674641518046e+00
3.937665646246261364e+00
-1.134550228761221113e+01
-1.926800881731204385e+01
-3.003724658006800066e-02
-1.559222742613739854e+01
5.186096817715818652e+00
-7.684783442916128138e+00
4.167918104469177543e+00
4.977742342904598161e+00
-4.659166487016759284e+00
6.787027849545330227e+00
-1.423702600774609905e+01
-1.977919778542990059e+01
-5.411304620214535177e+00
-1.062564088938413676e+01
1.900523708028875935e+00
-1.383114256330293834e+01
-2.758660752005344108e+01
-4.358509810798704365e+00
4.990582714629368866e+00
3.078478759285880884e+00
4.492523779092055136e+00
-6.112868722335571547e+00
2.855797272525148478e-01
-2.746486304646936549e+00
-1.942927837952341719e+01
7.567510234452717199e+00
-1.092327975750781910e+01
-4.669783586677345610e+00
-9.853602324151565783e-01
2.635534357335934441e+00
-1.539015241004326917e+01
6.100186965607158562e+00
7.401266731209286132e-01
-8.283903284120356147e+00
-1.448511917881445044e+01
-6.809964025819151168e+00
-7.123288264516070889e+00
-4.143330010776552719e+00
5.129772173567371141e+00
6.879823364416861153e+00
-1.341295941458641039e+01
-1.263879877483669567e+01
-2.386860448585684935e+01
-1.527283390930407947e+01
2.492641401575612647e+00
-5.077382776598333258e+00
-8.709148394444573782e+00
-1.174881663767662410e+01
-5.254893421764371020e+00
-3.134249472292623295e+00
3.873051877048161451e+00
-5.549712498378868375e+00
-2.991190697168378598e+00
3.839278324121860209e+00
5.447371337353568599e+00
-5.539884761248859313e+00
-1.300590099252088905e+01
-2.259692748013429409e+01
-9.301652519822239285e+00
-2.188470172830037797e+01
-1.210125115601332446e+01
-1.243723087356585211e+01
4.254575893655326624e+00
3.958675753612725945e+00
-1.445549677825894186e+01
-2.247917740824321697e+01
-1.251789571568419923e+01
5.783087420402588386e-01
6.159330621520827442e+00
5.048851007586985240e+00
-8.855513036309961450e+00
-5.745785864847107405e+00
-1.811659784072672807e-01
-3.482966287956424267e+00
-1.913051058122336556e+00
5.753873368736930338e+00
-8.028513419904507842e+00
-1.518899473032642966e+01
-3.882733854948376528e+00
-4.653808488737260163e+00
2.242128117886017513e+00
-6.436081315654183399e+00
-1.156788856564074308e+01
-2.519730913221108981e+00
5.121314568468932293e+00
7.017237700683330637e+00
-1.311489809757174996e+01
2.217683129631645489e+00
-1.369639270918296603e+01
-1.366953415912556125e+01
9.570843408480603998e+00
-7.773542349662373674e+00
-1.931288200999907900e+01
-7.660936737617189074e+00
-3.773342748582980466e+00
5.296770573242211455e+00
8.577882979935704810e+00
-1.064466832714896505e+01
-1.203935128520254594e+01
-1.049904900950394016e+01
1.390700527124463726e+01
-1.264455325668406971e+01
2.772420835575628573e+00
4.001336971084995753e+00
-7.673950021105159003e+00
5.831587178621831846e+00
-1.754106405332350249e+01
-1.235981366171248830e+01
-1.598681820428007605e-01
-1.006211245304357327e+01
-8.367751323816627007e+00
-4.691764065862968458e+00
-2.216610326206746961e+01
-9.810457895879013179e+00
9.765595938527924513e-01
-5.429508640246466733e+00
7.093120822089026944e+00
3.695593546182006861e+00
-1.547560081792726194e+00
1.056940303842677586e+01
-6.600027103483041557e+00
-1.865743076736797690e+01
3.682510601599607580e-02
-1.605416965286002862e+00
1.633380577975593884e+00
-9.156219341569181935e+00
-4.857644829902482364e+00
-1.938112617952435102e+01
-1.111202993451245824e+01
4.506642959061413656e+00
-1.290850638814816520e+01
-3.096851101911388238e+00
-1.980995354314976353e+01
-1.001051748491878968e+01
5.638784699061085703e+00
-4.907319052732845854e-01
-3.737387174041406634e-01
4.107824470366328917e+00
-1.906208341498826897e+01
-5.748728483181844595e+00
5.018027505695512147e+00
-1.304136274909018844e+01
4.582172959266936907e+00
-9.019646601812956188e-01
5.667154049261548643e+00
-5.915275178008714718e+00
-1.061865361801033281e+01
-1.105082984307827232e+01
-1.204864861010323906e+01
-7.348337628000841448e+00
-1.479108246371851365e+01
-1.616309997033446777e+01
7.593439447353771854e+00
-3.578405964757688018e+00
-1.849233471563677789e+00
-2.457300603776429782e+01
-5.364139106426655257e-01
3.366786147673227259e+00
-1.019900313095794964e+01
-3.106307962425485680e+00
-2.494070872230537361e+01
5.186375372913277104e+00
-1.812651464965032488e+01
6.912029713579212142e+00
-2.572142447570686219e+00
-1.195298776422194464e+01
-1.438013875005223241e+01
-2.082907484717785351e+01
-5.245901252342343390e+00
1.812215357470179145e+00
4.614263231841890800e+00
-1.030198979440533691e+01
7.370660228186015850e+00
-1.531788030482355012e+01
-1.451166854626076308e+01
-6.977744967667912412e+00
-2.239691970823679057e+01
-3.351526185244588230e-01
-1.255280861764589595e+01
-6.971341805960232563e+00
-1.221748071789646772e+01
-1.330641671214417521e+01
3.897861106259399744e+00
-1.087375118295557463e+01
-8.289399805388915354e-02
-1.990022440732522213e+01
9.720168520034016879e+00
3.548724993129052763e+00
-1.292459580257036222e+01
2.948217349884132421e+00
4.542578158649419884e-02
8.883844530407060125e-01
-1.018704317684062843e+01
1.694651928542985519e+00
-7.513826370460072290e+00
-1.952816479865933985e+01
-9.560637689030768271e+00
1.265451687156794947e+01
-5.938065845600791093e+00
-1.541220814973381925e+00
4.558752793172901718e+00
-1.068016389902417096e+01
-1.241621865435485539e+01
-5.686628670789361628e+00
7.114673606995468802e+00
-7.967403999985184448e+00
-1.395115144978926658e+01
5.937904288392599206e+00
2.024614416813333762e+00
9.608137498839059987e+00
-1.233555906954684289e+01
-1.492784341905131562e+01
-6.816040706667831017e+00
-1.007599280234236261e+01
5.020473786437558594e+00
-1.117229419671592794e+01
-5.396210452251719580e+00
6.769240671502214646e+00
-2.116504190260318552e+01
-1.036093307463628754e+01
2.723380586385655722e+00
8.835975058930891635e+00
-4.772772114286649270e+00
-1.570458154798774686e+01
8.586311617061637591e+00
-1.640337387315975803e+01
-8.722414333488387683e+00
7.371787724343420223e+00
-4.902308532336788538e+00
-1.334648084044046712e+01
6.793908393370474919e+00
-1.524682052512857044e+00
6.236429578635215520e+00
-9.272362931620019566e+00
-2.187343027811893492e+01
-8.183131584521863289e+00
-1.157658937461761006e+01
1.007544842457975598e+01
-4.098613283259696871e+00
-5.692304552123793826e+00
-1.032660803217533818e+01
-1.415061934358217144e+01
-1.634092182564226903e+01
-1.234353226578620877e+01
-1.201092617511030625e+01
-6.480997642318162555e+00
7.598008400138464680e+00
-6.875767214927519078e+00
-8.848280694684959258e+00
1.706242079193103445e+00
-1.503569660105658734e+00
-4.026715671515852968e+00
5.585576228392414855e+00
-3.423346521184009283e+00
-5.923433549578564161e+00
-7.194494116852282239e+00
-1.620637685156400565e+01
-7.770105639584005353e+00
7.113701927851179718e+00
9.748092891877444544e+00
-1.957329815360700209e+01
-5.543132771465805853e+00
-1.016034148221025468e+01
9.418583337185786775e+00
-4.615125589042574639e+00
-1.156476367186129472e+01
2.654245467456602725e+00
-2.157301224795430272e+01
-2.796268579527492637e+00
4.409851960811358218e+00
-4.206358781120655976e+00
4.238628208408993459e+00
-7.818155867152759342e+00
-1.269266752556196565e+01
-2.177213679900957288e+01
-1.830843560411344662e+00
-7.343245915394103207e+00
-7.701790972953364900e+00
6.556524537803848141e+00
7.792290383863983427e-01
-8.470688177235080829e+00
-4.090712401367611051e+00
-1.035282918122183382e+01
-7.754665826449909538e+00
-1.842811982596098375e+01
-8.403889944271561774e+00
-7.877822957708587204e+00
-2.031425363477245938e+01
-5.743129162945464827e+00
-3.961307222105329817e+00
-2.119453061815933737e+00
-5.125859875849994474e+00
3.182888506789816052e-01
-5.618153859936528605e+00
-1.959093625803533101e+01
5.933091786209242713e+00
-1.396373275465628616e+01
7.011133901596891427e+00
9.990607061818683743e-01
-1.374127367107496411e+01
-1.456942923453925864e+01
-1.345584515320057761e+01
-1.503430251910119608e+01
-8.208693519346912382e+00
-1.277952907446544550e+00
8.896632831620117088e+00
7.058379895477671084e+00
3.287886792233755795e+00
-1.078859976490434569e+01
1.059667975489398195e+01
-1.279563065490035889e+01
-7.808389708252287953e+00
-1.193818021274386254e+01
-1.575270337974555090e+01
-1.279524165146041348e+01
-2.051468938081915105e+00
-2.098505528030522882e+01
-1.999436723951755113e+01
-2.392279273905130399e+00
4.541967510189254931e+00
-1.069482248482005993e+01
-1.058670840388376533e+01
-1.827433263830149102e+01
6.982451401613667841e+00
3.686444379067581156e+00
5.997846682851319944e-01
-5.853515267721364879e+00
7.257827381229772890e+00
-4.182597449120974531e+00
-1.080346200207166518e+01
-9.247965022532836699e+00
-1.058008733484202857e+01
-1.067036559062929868e+01
9.953879428576227539e+00
5.101849158281298813e+00
-2.427812504276506189e+00
-9.145116947433372445e+00
-1.809548924167054196e+01
-1.401765883867179063e+01
-2.946069631828291513e+00
3.244334660968814510e-01
-7.020954922791964314e+00
-2.264458468738837826e+00
-6.586682994580011830e+00
-1.210587056809630724e+01
7.095810992075477941e+00
-4.264830153523284650e+00
-6.948631454434621268e+00
-4.878297942459510317e+00
3.190809994144665929e+00
-1.372936342570484358e+00
-1.054149378247500657e+01
8.989339754091263401e+00
-8.962603969038426044e+00
-1.591756530937257530e+01
-9.154344532071288398e+00
-3.589921562106697550e+00
-4.636611341432628208e+00
5.415602609302054837e+00
5.719100597111520301e+00
2.701661049088510236e+00
-7.058416610739980390e-01
6.107388284582966342e+00
-1.173286330025617552e+01
6.716338724533500226e+00
4.468713480800395321e-01
-3.622158623652981468e+00
5.919407409757173610e+00
-9.123661814161796002e+00
-9.089501554799761962e+00
2.618145030721936162e-01
-1.357584041334233582e+01
4.920185475522347751e+00
-3.734098415524811809e+00
-2.086405450369288772e+01
-7.551172064490552671e+00
-2.585397185541270737e+00
-1.370475641915139242e+01
5.236194358707483509e+00
-1.716275799461056906e+01
-6.291422929579495893e+00
-9.367528400088589891e+00
3.354724754045492752e+00
-4.992669835736579742e+00
-3.182840423235239857e+00
8.292003448902921292e+00
-4.481299846762382799e+00
1.708550867711425392e+00
3.147336122508535450e+00
3.568530622651926887e+00
-2.050537522686747138e+01
5.676571056105879087e-01
-1.641254689570837044e+01
6.753612954963875481e+00
-5.591420964414815842e+00
-9.686283992029467882e+00
-1.061220671647914848e+01
-8.570765823620321910e+00
-8.396178506491311921e-01
-5.705256359995242832e+00
9.245371989109127497e+00
5.520895050338100241e+00
-9.439675592645561109e-01
-7.322527304167140372e+00
-6.766228406179782162e+00
-5.091975263424758147e+00
6.056137464514670832e+00
-5.630936543812373074e+00
6.676636086755584287e+00
-8.998162245283825911e+00
-2.300165213479055559e+00
-3.657217783704850067e+00
-6.241649714575070895e+00
-5.065663285722976639e+00
-1.062530427976031255e+01
-6.942975325046951696e+00
-1.259059699514746633e+01
2.494138028261604578e+00
-5.253119180299987256e+00
-9.589000961013713464e+00
2.169108027242717451e+00
1.211449714820318491e-01
-1.718720345756469925e+01
-1.109058362143740872e+01
3.527142990853936233e+00
5.640242454572010899e+00
7.776697297514170160e+00
-5.278347304964603026e+00
-1.103391795219101112e+01
-9.955561523535651602e+00
9.771562175197097133e+00
3.393286843881686110e+00
-1.116123452269962080e+01
2.784426171017631013e+00
-1.445181612351492184e+01
4.240735661140597301e+00
-2.633881745967544319e+01
-1.297093224480921769e+01
-2.945308357199671878e+00
3.774625609616892419e+00
-9.477838753020225937e+00
-4.001659779037564646e-01
6.204432330028325282e+00
5.829577843979519614e+00
1.639732855295494840e+00
8.011208696141148167e+00
1.494807694740096116e+00
-9.061158001131065509e-01
-4.523668967774978178e+00
3.825254009606782191e+00
3.670104694528353306e+00
5.527393516800363393e+00
-1.226338572400922544e+01
-8.358215143589589502e+00
-2.516590607592952722e+01
-2.008201223071263541e+01
-3.066808521716213765e+00
-2.470114040742851902e+00
-3.616953126395213713e-01
-9.316663687460941645e+00
-2.222765927081384518e+01
-6.736910375363097003e+00
-1.133947612294895357e+01
-8.873446462395270018e+00
8.688005100790894275e+00
-5.379848047686682122e+00
-7.739836759678405897e+00
-1.502024784674036972e+01
-1.700098133635489361e+01
-9.377357769878035043e+00
-9.541281205881103844e+00
-1.326858269936843726e+01
-2.236333213349102778e+01
1.041459323055537789e+00
-1.582429328808015434e+01
-1.830315399943825483e+01
5.968174832401071939e+00
-8.211585005834479034e+00
-3.826579350147109260e+00
-4.110537605679535744e+00
-8.783035786261139677e+00
-1.983811880522883442e+01
4.610899393700088389e+00
-1.304364036295036300e+01
1.630922058583301748e+00
-1.603837964887784295e+01
-1.382229016435386448e+01
-2.155174164665493919e+01
-2.208317168129834229e+01
7.769343824772073637e-01
-2.740104947160135307e+00
-1.174846465281034824e+01
-2.065008476656325342e+01
4.979920561714411775e+00
7.378882977082624528e+00
-2.916815832901392902e+00
7.174026557218315503e+00
-1.064980224737922310e+00
-6.428511255792705548e+00
5.025413090196242827e+00
-3.722783188117705588e+00
-1.293171057785165878e+01
6.508126566977754379e+00
-1.146940186229062419e+01
-1.283274268886522229e+01
5.429637209179914714e-02
6.465277638360343637e+00
-5.024344026494133253e+00
-9.654509564335144844e+00
3.506827370350296125e+00
-8.917567510247693008e+00
5.133344297009226231e+00
-2.152027474876741842e+00
-9.774006676678746786e+00
-8.216668869400967523e+00
-1.700759513080832264e+01
4.477271528824127600e+00
-7.800669291012288120e+00
-1.088515162532845260e+01
6.328571300292756163e+00
4.655714959734442715e+00
3.100101438313904278e+00
-1.643304640923549442e+01
-1.220687626883952426e+01
7.485729467050065367e+00
-5.118993018421378771e+00
6.106495238903741019e+00
5.200883269406335607e+00
-1.246986393867053167e+01
6.540883514752312777e+00
6.228095993842756251e+00
5.545461259884030270e+00
7.796280164313664329e+00
3.099322865447289299e+00
-2.308862284819229060e+00
-5.560246421690981933e+00
-1.054375348890463293e+01
-1.946687712031534900e+00
-1.983158403061218777e+01
-8.115774726486044699e+00
-7.813071905403300654e+00
4.194048351313027112e+00
-9.842781225390174527e+00
3.855652943687314593e+00
-3.843499198185988508e+00
5.272815129291549496e+00
-9.705858685261693708e+00
-2.246483013119064953e+00
-1.781600359782064302e+01
-1.336440410614152974e+00
2.562525279604666917e+00
-1.688438203332981402e+01
-2.134258584868445396e+01
-2.819739512609402698e+00
-3.327524671008680102e+00
-4.522910195603141226e+00
-3.632122465842939629e+00
-8.504463698557970019e+00
-1.260009281367367784e+01
-1.784587979566848404e+01
4.040124132029206727e+00
-3.062800370721003862e+00
1.340010583594573923e+00
7.329186387758193533e+00
-4.545944367436382194e+00
1.509342437991664898e+00
-8.819000561368023128e+00
-1.978817123578950188e+01
6.163074069202410854e+00
4.616728124431641156e+00
-1.537870498291083798e+01
-1.801154734496553900e+01
-1.261281410157159755e+01
-8.475418391449524691e+00
2.273350730595472324e+00
-8.293328581278435863e+00
-2.244544405909135509e+00
-6.081141833706817046e+00
-5.586601056616721239e-01
-5.856470639024459857e+00
-1.384343010525302908e+01
-1.419468588017349209e+00
-5.677592042537144224e+00
3.253841582060478910e+00
5.177516833129136131e+00
-1.925440538015672942e+00
-1.422875927852473588e+01
-6.426598624631758128e+00
-5.086251167021192288e+00
-1.584662607153075875e+01
6.317884974016440225e+00
-7.961712339344346745e+00
-1.775694821626291642e+01
-9.503496040508263576e+00
-1.140179358466537529e+01
-7.332871500839253542e+00
-1.318770507892766375e+01
-6.571785707414618649e+00
8.806918173029123054e+00
5.629522536264119914e+00
3.410790912365063043e+00
5.731209762129172880e+00
-1.192059938721552292e+01
7.428589817751957369e+00
-1.771658059605655566e+01
-1.595096916604957338e+00
8.483699645848369997e+00
-8.046747730704682411e+00
-7.101967508520464989e+00
-1.909510161679299145e+01
-1.415637356023352034e+01
-4.479473735949172308e+00
3.242093655876819636e+00
-1.859775576896807436e+01
-1.381529055758936586e+00
-4.419852590678240212e+00
4.864700766994868530e+00
-1.578464409337592800e+00
-1.059298061376237321e+01
5.639087941893787814e+00
-7.452843364089029699e+00
-5.679775257057486648e-01
-6.069978645608870238e+00
-1.007929963417175578e+01
5.397102540584019614e+00
-1.500165193739067249e+01
-5.754209419652863033e+00
-5.045761820627507888e+00
3.852557191698717798e+00
-6.316798471815443072e+00
-9.105113370851553256e+00
3.569369361189951739e+00
-2.652491446820083532e+00
-1.416042615708335717e+01
-1.355419503938500370e+01
-1.184510191353507480e+01
-1.412310996789396178e+01
-1.276480414491748228e+01
6.410120515049498202e+00
-9.751466885030808385e+00
-1.017401575435036065e+01
2.162643193862449298e+00
-9.379143032286846093e+00
-1.684832111200407434e+00
-4.662213762322569011e+00
-9.854819515879501779e+00
-5.774415473910576857e+00
-1.968342072272662335e+01
-8.225510988977204008e+00
-1.300994475094761427e+01
4.567653857128600947e+00
-9.274812776614089316e+00
-9.315908210466396611e+00
-1.555812780429464581e+01
4.178076634861062288e+00
-1.306676950832982342e+01
4.546302793669536157e+00
-9.565197033260798065e+00
-1.756963655896459287e+01
-7.788365764462808372e+00
-1.144412505960500326e+01
-5.172912277691423810e+00
-1.703049700147340673e+01
-8.664737782527305754e+00
-1.158235526557552575e+00
-7.771880018617141950e+00
-4.657771281570199484e+00
5.044131659927457711e+00
5.462586147508528889e+00
-6.279118879910385864e+00
-4.405408997848816455e+00
-7.021519873180828597e+00
6.598098795866301991e+00
-4.208649280893155264e+00
-4.003356012631763328e+00
4.704665475378589257e+00
-7.849713020617843817e+00
-1.427113508548579013e+01
-1.290253942168995671e+01
3.226695929740608815e+00
4.615666226686530926e+00
3.338935994916210070e+00
5.580649999335111744e+00
-7.587809512924279076e+00
-1.402765497362183389e+01
2.723191023483546580e+00
-6.561830564094985441e+00
5.420888956087634547e+00
3.867041783252964215e+00
7.914327975955922412e+00
3.244678472364806776e+00
6.950629747541682057e+00
-9.290228667208437485e-02
-1.972831696175663652e+01
-1.137896748659425761e+01
-1.187720867841138883e+01
4.661239349146970135e+00
-3.830655410927994442e+00
-3.111100041062698551e+00
2.779338246746885677e+00
2.556818822587588969e+00
2.627542164054995411e+00
1.991640342985163015e+00
-7.704391179487251051e+00
-8.003746457438024819e+00
3.582334073669279917e+00
-1.067292091962293199e+01
6.822713863060239525e+00
9.414955573336440509e+00
4.710470223652790445e+00
5.677587589425480141e-01
-1.158607411205750104e+01
2.242958131499688701e+00
-5.804777577082259832e+00
4.310597994976411940e+00
-1.107566363457758030e+01
-2.120903092154927094e+01
-6.355199846413522868e-01
-4.991777199062477521e+00
-1.028273496443469526e+01
-1.801284200619311093e+01
-5.555852714730763253e+00
-1.944606386031873413e+01
6.426341165448896220e+00
-2.861105597513605492e+00
7.688903221349514538e-01
2.900024942996324295e+00
5.700212546325027496e+00
-4.411892848576018933e-01
-1.213921808338816000e+01
-3.909027866405567764e+00
3.497348103026467925e+00
4.678425646882521605e+00
-1.107538709181963377e+01
-6.555842166582779740e+00
-6.423024814564119112e+00
-6.207559946124633576e+00
3.226055918441926185e+00
7.833491444674694826e+00
-1.025841964697762698e+01
-9.833676051405626950e+00
-7.646133846829804348e+00
-3.599280329560380576e+00
-5.659003462798027684e+00
-9.502852755634062731e+00
-1.284221145684236376e+01
-1.504067011503694751e+01
6.401554558637728931e+00
-7.891395396970377618e+00
-6.764205781650453275e+00
5.862359124725177395e+00
1.578531176466106745e+00
-1.291500198381005760e+01
-1.749792494018499411e+01
-1.134343575551210392e+01
-2.001838348203172302e+01
-2.172384913161045095e+00
3.677634718194339403e+00
-1.300365193369762018e+01
-1.115407634296444428e+01
-8.656497243730362001e+00
-7.087878830560183196e+00
-1.406235266083215585e+01
1.646820733553481686e+00
3.767677054969527983e+00
-2.647192043297578845e+00
1.888729633294797372e+00
3.745268149608111052e+00
1.060492068831812906e+00
2.430440023721788023e+00
-9.019255526623311425e+00
-1.679157390947106521e+01
-1.048875770367314431e+01
5.382334306627888587e+00
-1.298206362022518157e-01
-1.112964107024236604e+01
-1.377063923455490446e+00
6.507345090079890149e+00
4.661434935473677932e+00
-1.737766021782093162e+01
1.973512166494872266e+00
3.768926591914333102e+00
-8.318172443365066115e+00
-8.468193053735095788e+00
-1.446103034360214679e+01
5.455983896060939919e+00
1.659440200170443580e+00
-1.547455952759478848e+01
-1.872654606262843968e+00
9.068630897766258414e+00
-1.073440567982565064e+01
4.447249524184428537e+00
-1.083798931329586490e-01
-1.421849566237031048e+01
-4.103672893803343769e+00
5.558994010841557198e+00
5.459618630210767876e+00
-1.661304873771807422e+01
-1.383669242533107280e+01
-6.116670543938450555e-01
-1.243869670416591333e+01
-6.909265727731905393e+00
-8.697023920851775003e+00
-4.820209466565835710e-01
8.766871348636950501e+00
-6.987111841431061343e+00
-1.444372904994861173e+01
-7.952041932653789225e+00
1.581082707021139067e+00
-8.250943607330869511e+00
-6.611225291290019790e+00
-1.018894020722837368e+01
-1.220990810817721695e+01
4.651968258205882556e+00
5.627727161963722580e+00
-2.573571811236159856e+00
-8.071020371323694986e-01
-3.114505188603921226e+00
7.718327519568246586e+00
8.578814975503749052e-01
4.904353861080841703e+00
-9.269303833096738998e+00
-2.296256849881854190e-01
-8.039558368238711950e+00
-5.931230429763142631e+00
-4.995935781907631656e-01
3.040945429937432110e+00
-2.111583902863424012e+00
-3.988030430745594046e+00
-1.776784129223423747e+01
-8.101597892756043251e+00
-1.903555246484720698e+01
4.453148075332605593e+00
-1.482852123682044088e+01
