5.277643504356401394e+00
-9.636747390695141746e+00
-5.809007603310040402e+00
-1.737008018057768055e+01
5.744752387080962919e+00
-5.029969461333116953e-01
6.105031140472419793e+00
-4.162594082338201495e+00
8.292908780700454230e+00
-1.053566561692553361e+00
5.928484181727327051e-01
-8.500292823781943952e+00
-1.426896010144007132e+00
9.604855757993933096e-01
-2.469770973170486883e+01
-2.979330935949944248e+00
8.870632103716278305e-01
-1.151900459825625411e+01
-8.547913245328990328e+00
-1.375614753130009937e+01
-1.229855327535234721e+01
5.888950352144456168e+00
8.517608381593431588e+00
-2.478377011344177205e+00
3.248041856227728452e+00
-8.094750976882568949e+00
-1.074253512050363391e+01
-1.557134065838837511e+00
-4.336274026509382429e-01
5.060718978101595766e+00
-1.441626898827717618e+01
2.856103732965018516e+00
6.339996888999171354e+00
5.793771402599200648e+00
-1.607524977137781974e+01
-5.857969919306279749e+00
-3.027299017707431705e+00
-5.413398832400711846e+00
-4.981501790457226519e+00
5.736635238534845804e+00
-3.485763165737283398e+00
1.214450236108818082e+00
-2.151686765562180170e+01
-1.196819316734920058e+01
-1.081749427296570865e+01
3.254910653006922061e+00
-1.247855361205027336e+01
-1.434887547532676244e+01
4.640384220080451705e+00
-4.661610589828859119e+00
-1.281983251521831768e+01
3.300435868787698901e+00
-4.593954400103283042e+00
5.173103839894211298e+00
4.818532200678729005e+00
2.644219982492444387e+00
-1.454110428812725431e+01
-6.103445384675231900e+00
-1.047949971865016217e+01
-8.207899987709993184e+00
-1.582498289747602094e+01
-9.354064107957304586e+00
-8.985078824133883035e-01
5.571755847356762104e+00
-1.811838600824418721e+00
-3.281649586761619997e+00
-4.941355793562837384e+00
-1.304255194590276723e+01
-7.789469264572468354e+00
6.136223109672339859e+00
-5.399585941997322447e-01
2.839941530673251169e+00
-7.406716840460659590e+00
-1.608002021169109952e+00
-8.201278715996902502e-01
-1.704118377322703992e+01
-8.919056385129458420e+00
-1.171869313122261680e+01
-1.017281440578719831e+01
-1.416130872378538541e+01
-4.332703379134266730e-01
-1.900567415355071432e+01
-4.995463648309729443e+00
-4.636301360653890313e+00
-8.412322511178366824e+00
-1.181258000079548154e+01
3.247395442193309112e+00
-1.378116016544308131e+01
-2.310182426578335946e+00
-1.252913041918854731e+01
6.220137029327865719e-02
5.499631837775181609e+00
3.390120101572780875e+00
-8.395985669203678725e+00
-5.622368265343546945e+00
-7.758103278110217715e+00
-1.128784919492745509e+01
4.789988582976389075e+00
-8.978346613315862257e+00
4.687572748706468673e+00
3.267373733377104683e-01
6.830818636203633609e+00
-5.658292343282199433e+00
2.780804002688352483e+00
-2.220812253402613123e+00
2.134873447332767959e+00
6.996544481284866279e+00
-5.430554514056832538e+00
4.334099111680723482e+00
-1.387392886454929197e+01
-8.078536706291917113e+00
4.602010129617453149e-01
-3.762480037098857588e-01
-8.843240550651385590e+00
-5.498478706093849588e+00
4.364344040352121645e+00
-3.335603127368120369e+00
8.675610247124792007e-01
1.012517182543126992e+01
-7.727797362173875584e+00
-4.911263578989312428e+00
4.827684191958145909e+00
3.102366713232465045e+00
-9.387040868635237345e+00
-1.227213093851217529e+01
-6.874018754701760159e+00
-5.444602830366491730e+00
4.718030984876877554e+00
-2.340598719281119955e+00
-1.090052178600473631e+01
-1.298162045418427368e+01
2.388147224071916597e+00
-5.259503651390953216e-01
-5.680237416584577037e-02
-1.121246916230010271e+01
3.173757716895947212e+00
-1.431302270343712379e+01
6.016946782423808315e+00
1.930441415924724069e+00
-5.616215561233680376e+00
-3.329011784342425173e+00
-5.665098732978258944e+00
-1.318695690570747381e+01
-3.866551613598403936e+00
-8.710849192025500898e+00
-6.427539277209631585e+00
-5.845938842459020846e-01
-1.094294312618179532e+01
-7.440133879542445428e+00
3.489304337883771812e+00
-2.553716628972785063e+00
-4.977773871584272314e-01
-1.112497499418288172e+01
7.441767789597345306e+00
-9.166517310353718528e+00
-1.122507986240490929e+01
-2.079935884190135198e+01
-4.860097801123353101e+00
1.009944387032024160e+00
-1.142767821175670484e+01
-1.438203943612026414e+01
4.766246194043677775e+00
-3.679266658192123174e+00
-5.626805927378664585e+00
-1.333057042831427452e+01
-7.178277978026017081e+00
-1.417892326404813907e+01
-5.075377120586979096e+00
-9.207136072803107751e+00
-1.011216275621246119e+01
-1.266575134125409186e+01
4.812525161423860887e+00
-1.128769180482084522e+01
-4.330166107694052968e+00
-1.906492647410033925e+01
-1.427778992781328249e+01
3.880164295568540034e+00
2.381970153231331100e+00
-7.963991393494031179e+00
-6.878804242449925610e+00
4.342787383918271793e+00
-1.219611145447735900e+01
-1.677574754498269982e+01
5.190059667340477745e+00
-9.046435125294571833e-01
-2.066195484681207262e+01
-5.449682964421125320e+00
-2.239011316918419681e+01
9.511459525516845481e-01
-1.674853368249855379e+01
-6.433525566862631884e+00
-7.507987272076287688e+00
-1.005756044777032088e+01
5.147347508880054434e+00
7.929626475688870357e+00
-1.622831515168194016e+01
-3.700623079370780388e+00
6.463313732980594750e+00
-6.277284387254264963e-01
-1.315103176859723888e+01
-8.664799101470704201e+00
-1.305513918471532442e+01
5.784189138680031483e+00
-1.329545055407873733e+01
7.028070568076595137e+00
-1.556892134303490849e+01
-5.378667337998547460e+00
2.739499837558127204e+00
-1.443696965452579839e+01
-1.037198013790946938e+01
-1.497624974666223352e+01
-5.830403253471122760e+00
-8.578672414506954169e+00
-8.589517256136823820e-01
-9.134485328417319749e+00
5.394196584757414037e+00
4.650907548107145573e+00
-1.493787417955647356e+01
-4.620720117351465817e+00
5.848271175835168201e+00
-6.995395500780674958e+00
5.684567674421960426e+00
-4.744428746935586361e+00
3.123647131419791556e+00
-1.399082832013044175e+01
3.500924820752329580e+00
-2.985707766294482202e+00
3.485226651014123878e+00
2.880934259798427544e+00
-8.071521924367235812e+00
-1.193723770477192581e+00
-3.045540570881199560e+00
-1.144155968393478418e+01
-6.941252350149000883e+00
-1.675930351232767634e+01
-5.179115020885586063e+00
2.370320406429152982e+00
-3.108423430360693462e+00
-1.185557887682205269e+01
3.262309293072139571e+00
-1.736725379095637578e+01
-6.585860477421229042e+00
-1.284507574321651724e+01
-2.344571347298334274e+00
-8.658027737677338465e+00
-1.679251726296489977e+01
-9.643453589376447255e-01
-9.286766049822678948e-01
-6.315026045564509083e+00
4.425292044703323935e-01
-1.085276123735496689e+01
6.231808767135183835e+00
-2.083567800610072851e+01
4.092383473015184236e+00
-1.010956256829513400e+01
-1.126962828242516146e+01
-7.169720920534309982e+00
9.148420114030704653e+00
5.541489091489040675e+00
-7.397574497422423789e+00
5.827080785502589677e+00
-1.794389363615142230e+01
2.588519226907735504e+00
-3.219528318680808354e+00
-1.778382592386680727e+01
2.089315570474265193e+00
-1.770405694287554343e+00
7.851713738442510859e+00
2.809906504545925721e+00
2.958834497485407944e+00
4.506909646416509929e+00
-8.787236119409843838e+00
-3.105126154733479638e+00
-4.155660695211837563e+00
-1.430892956401135230e+01
-1.227159426614702475e+01
3.363631693176386328e+00
-4.038861333623714245e+00
1.093332643075675570e+00
5.929738785203151785e+00
6.562300247054377422e+00
-5.751832518188405574e-01
-3.376724421766394535e+00
-1.208033701059540022e+01
-9.840026109967549672e+00
-1.507585862464461712e+01
-1.196808773409207483e+01
-1.113961959425533443e+01
-9.654818394538072113e+00
-5.680981626089807168e-01
-9.354912742300493633e+00
-4.054340234132579823e+00
7.843561883465911322e+00
-1.710426213475972013e+00
-1.445411850629491823e+01
-5.786922607462220647e+00
5.273166885557416528e+00
-1.320842500641964357e+01
-2.504751349467914778e+00
-1.341794480648374055e+01
2.375323138867784234e+00
-9.976887616951323423e+00
2.949853601913979606e+00
7.483599999371228328e+00
-2.883009849976390093e+00
-6.503756967948040923e+00
-1.226624256142296310e-01
-6.632361709644765568e+00
-5.417869181489111341e+00
-2.290082385078090965e+01
4.331132984357316751e+00
-8.132981414534501852e+00
-9.972552045405512544e+00
2.692024682363979515e+00
3.270217249207137300e+00
-1.227860435426387298e+01
-1.488145960170874815e+01
-6.227799595114393405e+00
8.202091838782070710e+00
1.016528993951011017e+01
-2.029974107366547287e+01
4.172226435008685286e+00
-6.745190196201395594e+00
-5.822709350175469645e+00
1.982321119835170897e+00
1.620323471938199589e+00
-8.390892891377216500e+00
-1.658767387858041076e+01
-1.546886040007644070e+01
3.433978543094862612e+00
-1.179427641103115398e+01
-8.295335379980073753e+00
-5.188351700026826663e+00
-8.228528809818513867e-01
-1.309633747203316290e+01
-1.184516120863496447e+01
-2.004091539595823690e+01
-2.102233722130037563e+01
-2.187207260935427655e+01
5.876963256151197967e+00
3.370743009228232001e+00
5.605112950005829653e+00
-9.940310139425145408e+00
-1.086568646972490226e+00
-1.158888099105001679e+01
-1.101463043951265774e+01
-1.823317524057248562e+01
-9.395040931132861317e+00
1.513507791891495202e+00
4.584810848420231899e+00
-8.958052553384415972e+00
-1.067977674627674922e+01
7.232051017670850790e-01
-1.077351957594671639e+01
-1.641607147609186157e+01
5.685733736958129114e+00
-5.362616759015261358e+00
-1.187693169996607345e+01
-3.548721897928533320e+00
-1.283698290733166125e+01
-6.381504550538895648e-01
-4.439009559905766622e+00
-1.526433419847949402e+01
1.876400879599885219e+00
-6.318797215380331345e+00
-3.704739204450966827e+00
-4.039304367226041137e+00
4.133424039624221669e-01
-1.146785085389699255e+01
3.416299362195435840e+00
-1.173745570272665795e+01
-7.052320952261744047e+00
-6.903877933503782316e+00
2.443820128112792478e+00
4.907669087713037115e+00
-1.135021049703524554e+01
2.507721936055623768e+00
-3.504893333278537249e+00
-1.583595416344491547e+01
-1.266356348792132458e+01
-3.470492307033131940e+00
-6.486623108537142635e+00
-7.921584588894377887e+00
5.020538677156525242e-01
5.455782619675372480e+00
-6.293566741377140339e+00
5.979509627005858974e+00
-5.317033484762483830e+00
-1.437167314174426380e+01
-8.714643223375528436e+00
2.803644124648739577e+00
-1.085005333669203686e+01
-7.663392171840746059e+00
-1.628716243021675725e+00
-4.361343313765670970e+00
-9.663113659483840934e+00
-4.458137923976721595e+00
-9.061064188107138762e+00
3.630661713750360953e+00
9.806536324686710770e+00
-5.085542312115814312e+00
-8.782402330614740293e+00
-1.149643111778381765e+01
2.959954360957222086e-01
-4.557317236879798728e+00
1.597524737817467511e+00
-1.009194519059175654e+01
7.737726544327916400e-01
4.573452544240151241e+00
-1.954878540227340977e+01
4.230398982327864488e+00
-1.380303746651010499e+01
2.772852982058952254e+00
6.406434641441242306e+00
1.456260474134931648e+00
-4.789990345252903126e+00
1.152138003865484706e+00
-1.079502729772376668e+01
7.700203012282024417e+00
-1.262774460259007192e+00
4.021493288216420936e+00
6.694118625798275879e+00
5.102154474296576758e+00
1.585965757601014658e+00
-9.546784875654658720e+00
-1.398176925723732644e+00
7.336808907383174372e+00
2.274793859016348119e+00
-6.358000664287176695e-01
4.602414858100198458e+00
1.665107146788774806e+00
-4.821608052007940515e+00
-1.252336951067387361e+01
8.557637152560628735e+00
4.844682246543423609e+00
-2.419895041880180742e+01
7.533279592198416807e+00
-3.371747809554062059e+00
-7.011953215832374298e+00
-1.101268089345603229e+01
-8.130666802546949512e+00
-1.812377916044955839e+01
2.355036467707916970e+00
2.115912920362257754e+00
-5.316606154974338416e+00
1.538459576668111950e+00
-7.663148742600908392e+00
1.192104220005042770e+01
-2.600504907282412237e+00
5.314630632717270764e+00
-6.839373037832038982e+00
9.057877624507558068e+00
4.253974583833938006e+00
-3.594902234196656887e-01
3.852587969767957254e+00
1.537494284762346286e+00
-2.131041276444005206e+00
-1.543641141706642195e+01
-6.111298104624060201e+00
3.254734489873732706e+00
-3.903457436768861477e+00
-1.351724492874335226e+01
-1.867579771755796969e+01
6.331772648216662525e+00
-1.523484977761227910e+01
-5.074467977340059832e+00
-6.746007192017763110e+00
-1.061731624807017127e+01
5.173764520564292368e+00
-1.047659459759673339e-01
-2.277933303778652885e+00
6.693222808573872307e+00
4.030759967188286552e+00
6.899050387366888692e+00
4.789224397433743619e+00
-5.216505259145921336e+00
-1.633218550515002576e+01
-6.346205827114038023e+00
-1.835621284914842377e+01
-9.440939963371640431e+00
-1.336966175377667909e+01
7.366515688824364361e+00
-7.139775903086630571e+00
-2.176320691811973518e+00
-5.901964942774053036e+00
4.689446061508180108e+00
-7.238625817934461359e+00
4.148297901411820199e+00
-8.836737134704899077e+00
7.435301321395756169e+00
-1.222944047649761856e+01
4.137867873801069685e+00
2.406121859035203148e+00
8.199011083145688161e+00
-4.546527597186051928e+00
-2.546572161846333948e+00
5.760901617704694999e+00
3.325124404066244210e-01
-1.120652234309707218e+01
4.958473237343256734e+00
5.439712056446122546e+00
-1.630068676102778014e+01
-8.881836392501250899e+00
-8.874492152365964781e-01
-1.100498200437509766e+01
-1.808548463194683009e+01
4.337493430093849689e+00
-1.600044798908843902e+01
-1.516266418886880984e+01
-1.070988808538417558e+01
-6.154427155761963419e+00
3.770970321768700728e+00
-6.558743412069039103e+00
1.106002880976022062e+00
-1.300266739339793887e+01
5.353912088684171344e+00
-1.317347837348359540e+01
9.258967621609095033e+00
-1.120683161771777669e+01
-8.773965768029290402e+00
-1.196564908782097802e+01
-9.179030603121112186e-01
-9.427602988282743013e+00
-1.492526980096566724e+01
-1.430178542723181856e+01
7.009230272790432537e+00
-6.350685630944261639e-01
4.307995210086676963e+00
-2.492170360052636013e+01
3.313521122050634204e+00
-1.397741173776500645e+01
7.040866156193749115e-01
-4.229799768957037465e+00
-1.574473781280885731e+01
6.380948691889731350e+00
-1.118137428493040453e+01
-1.185045881809347534e+01
-9.372969112518974910e+00
-1.012925715758052014e+01
2.341725843677350483e+00
-3.829856227709528049e+00
3.555407755223832567e+00
4.715164140794512626e+00
-1.302545193103097532e+01
-1.459915978619889287e+01
-1.424790996359579864e+01
-1.237535336406525488e+01
4.988026679062655511e+00
2.462005563800078622e+00
-1.027078033165367010e+01
6.156650959824920832e+00
-2.305773271465795915e+00
1.093566834827703005e+00
5.254218881449188139e+00
-6.647989008072884509e+00
-6.842809814731773521e+00
-4.475003484751630900e+00
-1.650356828754096128e+01
-1.039324340946231162e+00
3.667710484783333058e+00
3.771801923389332067e+00
-1.129642997168912011e+01
4.726161813169962755e+00
-1.251003002403500730e+01
-1.766408967710679079e+01
-7.279805315733836935e+00
-1.437782949498633656e+01
-4.203857346008835982e+00
2.920203819391975486e+00
-6.737590850507991114e+00
5.796930941478882993e+00
5.763334355891696958e+00
-3.276173279641205305e+00
-1.554348930999771916e+01
-1.331620734366728698e+01
-7.539192468617557097e+00
4.818552581203883634e+00
-8.973151545897314563e+00
6.246193152444499574e+00
9.231228838214530441e+00
-4.568950434817825368e+00
-1.035355025982794075e+01
1.023962072515172572e+00
6.007630400395076009e+00
-1.955637089526931049e+00
9.382826005646490941e+00
7.391574030724343380e+00
1.024134484364246056e+01
-2.918159014331013879e+00
-1.253841687336636390e+01
5.736000046726698720e+00
5.464185804583995498e+00
-1.335319437173068557e+01
-6.460000023406475833e-01
-1.173503501709078467e+00
-1.274992818529642236e+01
3.956420163547921476e+00
-8.632400897686009600e+00
-1.100041963036661130e+01
-1.651475402523329095e+01
4.269152545794812070e-01
4.890905537130850966e+00
1.019072362009344701e+00
1.498827641644412179e+00
5.277240506361429162e+00
-7.376445361235091092e+00
-7.417164521489741702e+00
-6.528120445580961606e-01
1.848984139074583588e+00
4.270925648417028597e+00
-3.215006526567891765e+00
-1.391972774271313362e+01
-3.770960531593267717e+00
9.328053087119553277e-01
-5.372632857555941222e+00
-6.604502103322005269e+00
8.520638998580642109e+00
-3.875795080596928788e+00
-4.059545041168906576e-01
6.797423138567514345e-01
5.410006279479876445e-01
1.453274511682464354e+00
6.523918665979537401e+00
-4.715302337537097266e+00
-2.043512989278516301e+01
1.051115487012422989e+01
4.926863466548939030e+00
-6.734213159920662051e+00
-2.121031616195910985e+01
-3.177750960485971721e+00
4.840900387210438360e+00
-1.318506447480375421e+01
6.696242898162267032e+00
2.465947857318669723e+00
3.551653070254016775e+00
2.534994652859025033e-01
-4.902812214994103357e+00
6.479696656355788953e+00
4.472756782932306052e+00
-8.042529194966697048e+00
-1.876427862856574791e+01
3.677137875481896856e+00
-8.887360054121996811e+00
3.191892497327873723e+00
1.776892393177990748e+00
2.465711247897533376e+00
-7.663943860524104146e+00
-1.820267088499226915e+01
-1.105574019666537211e+01
-1.309886788912597133e+01
-2.505759559339184150e+00
-7.885651793950422039e+00
-4.183607513607971451e-01
-1.217602872014904491e+01
-2.524163329167269154e+01
-7.983674147404804522e+00
3.686504230493035550e+00
-1.726685391619085053e+01
-1.116006208808363809e+01
-8.344421111281812742e+00
-1.182052969251745012e+01
-3.687378157596063577e+00
-7.899554009967006074e+00
-1.159507713794911687e+01
-1.832611445057594324e+01
3.787110884837448843e+00
-3.751929431612468502e+00
-1.597740191099846641e+01
1.857530879782445243e+00
4.026288952996220694e+00
6.122006414192973978e+00
-1.327198436153311256e+01
7.211882277659122487e+00
9.163170896290697698e+00
7.728991820934457024e+00
-2.702377082858642421e+00
-2.156491434096895077e+01
-8.339408600669637295e+00
-1.085161838588048155e+01
-1.590587384445266572e+01
-9.695864521825606985e+00
-4.814532149101593994e+00
4.840515865907692117e+00
6.622799253353935711e+00
-8.555618826920467157e+00
-1.160888959173574797e+01
-1.457435159995109508e+01
-1.683152917377683266e+01
-1.468985768850821216e+01
-1.585092953732373822e+01
5.117489409924483645e+00
-2.622196008012906532e+00
9.704332638828699897e-01
-6.786599178050434666e+00
-1.849719480100617375e+01
-5.567666716968373564e+00
4.011300390551252981e+00
-2.778451481236330345e+00
-5.342086664269796614e+00
-1.400246476724466760e+01
-4.309972547537761045e+00
-2.014146338119563495e+01
-2.100678823979584386e+00
-6.654473000575493735e+00
-6.038346854371528849e+00
-5.155258170201341139e-01
-1.374552018365229422e+01
-7.172603072960658466e+00
-2.726807871312815656e+00
-2.024798105446053142e+01
-9.427070089692731969e+00
-1.801322138642574089e+01
-1.289310477022355350e+01
-5.865217201133667402e+00
-7.067945848573405243e+00
-6.017542369212116604e-01
5.019381469880829449e+00
1.283015782980416741e+00
4.475866854389008997e-01
6.848919432852357936e+00
3.225906056818339529e-01
-4.173237553700469782e+00
-1.294159480334169032e+01
-4.437755500404741760e+00
-6.868805690521440965e+00
4.304216221487228822e+00
-1.073383832067346333e+00
-1.059738633208765535e+01
-3.991142410996955547e+00
-9.830153698746402213e+00
4.208940267132692092e+00
-1.925509641023559482e+01
-1.399285539204694295e+01
7.807602901060471723e+00
5.508455910522187970e+00
-7.635189721655021522e+00
-5.127274933262192746e+00
-1.197355772341921920e+01
-1.372258870664156660e+01
4.069607673946761039e+00
-1.608000567966817940e+01
5.603855846360881188e+00
-1.235855638055107342e+01
-4.198633631663771126e+00
-2.086471053910328166e+01
-8.590998727995748041e+00
-5.726614303330952893e+00
3.691027641819001559e+00
4.361344865104292978e+00
-5.873783396406150104e+00
3.049538923947406222e+00
-1.835874687150846896e+01
-9.224915430203880717e+00
-5.031760907519500226e-02
5.608378915908442508e+00
-8.261106207127976164e-01
5.603672475836368072e+00
-8.489382057901263323e+00
-1.529272162911160082e+00
5.233702010037663221e+00
-6.615995890193239859e+00
-7.475763604018681896e+00
-1.200499034820736721e+00
-1.923692025241901860e+01
-1.410150097784472223e+01
-9.660949745189013171e+00
-2.053033139779654448e+01
-9.483907153819155056e+00
-4.760523767891410962e+00
-1.821932885247838385e+01
-1.965153844411024764e+01
-1.284093832919559297e+01
-9.558025536374849196e+00
-1.396062067967443276e+01
-1.756244228892331094e+01
2.337952643700227373e+00
6.582228498566876418e+00
-1.210457433878345945e+01
-7.854088629838930302e+00
-1.218346552439147246e+01
-7.260695123887120239e+00
-1.905267628808510416e+00
9.564028147899782395e-01
-3.006324078371201969e-01
4.272021064967487014e+00
-8.320229309123901018e+00
-1.273707963238801888e+01
-7.884326385805769277e+00
-1.959858046261274822e+01
-6.996751740027375988e+00
-1.898781053657845064e+01
8.777825176049152134e+00
6.151781830106900273e+00
2.303919122256631979e+00
-3.060031620640045746e-01
-3.608711984982686971e+00
-7.801380356127714855e+00
-6.688298892557678066e+00
2.935070912805805010e-01
-9.462475778976415342e+00
-6.152912428130465017e+00
6.806778040656976003e+00
-1.257406890038813074e+01
7.238230480759932028e+00
-6.815241342525681034e+00
-1.789917711112598298e+01
-1.311714112301154778e+01
-9.671822457247287730e+00
-1.589840144750565187e+01
-1.621988678162566977e+00
1.169657321321219801e+00
-5.280920015134565659e+00
-9.653792779371915600e+00
4.347648870984619940e+00
5.696517971671071656e+00
4.296396314913804915e+00
3.703491880501385225e+00
-1.300014017782319797e+01
-7.800210036466970642e+00
4.838002693621502814e+00
3.252268351721326667e+00
-1.721180601774650754e+01
8.089584486521042450e+00
-1.047909742954967527e+01
-1.063557214813573104e+01
4.207810997896821448e+00
-1.091833436739461582e+01
2.566769232110144294e+00
5.560240978570145209e+00
-1.517125385207444666e+01
-5.044081546191422127e+00
6.769082339098382306e+00
-6.105932106518758395e+00
-1.261899515483423606e+01
-1.288725748241676250e+01
4.486763549244536797e+00
-7.023367786155161774e+00
3.551494619176406076e+00
7.406133728386922854e+00
3.019740485608555680e+00
2.070912497885145420e+00
3.025416136251931842e+00
3.641517202469024106e+00
4.746659973547373568e+00
4.096343667097778862e+00
-1.157357878789245298e+01
-1.399271299313798345e+01
-7.161522781645511593e+00
-7.933654587970085714e+00
-1.143995045932954824e+01
-1.193150600576801068e+01
1.040943928433209820e+00
5.565192369599330391e+00
-7.249472045724392189e+00
-2.004751554510038503e+01
-9.813891302195973054e+00
9.189415845613856604e+00
-4.537906240082308251e+00
6.721354003437311597e+00
-1.601609152703225192e+01
-1.929706513991513006e+01
3.964323326286545601e+00
8.399429143004182308e+00
-1.547487121804087273e+01
-4.969007346780670353e+00
-5.843117547779643317e+00
3.849764872965681928e-01
5.687029767488290588e+00
-1.181312703675241771e+01
-1.385551252440773595e+00
2.111898625140224084e+00
-4.108037871956336851e+00
-6.280595239730586421e+00
-1.803534598130094935e+01
-9.371136608011941149e+00
4.053341868832222694e+00
-1.818791900147568441e+01
3.366175595486492700e+00
5.997615629760678857e+00
-2.695888561122446703e+01
-2.483283992349815605e+01
-3.931843285805972865e+00
4.390530259181790740e-02
7.010383590477878846e-01
-1.614157626932147593e+01
-1.406284263512564747e+00
6.954966307136888126e+00
5.045944838623258377e+00
-1.085272798166431585e+01
-1.260554793496030790e+01
1.141557358968086522e+00
-2.632497166014811540e+01
-1.423661833320396752e+00
-4.049210186990359617e+00
-1.290343875192699841e+01
-1.057457525402615062e+01
8.195026622194648169e+00
-6.204745473205929507e+00
8.230146370552594348e+00
-1.250541568724445263e+01
1.723270729535406609e-01
4.811222334574321025e+00
-1.520410487332850558e+01
-1.660837847124927791e+01
5.732416398978227079e+00
5.019631751163101008e+00
-5.542194126054155179e-01
-1.288582013669448756e+01
4.902433454355614728e+00
-7.674413386629674427e+00
-3.045880344868809431e+00
1.828878886248993751e+00
6.415250159735251145e+00
-1.824523740084018897e+01
-9.688493165794797690e+00
-7.278436378655047001e+00
-1.408974929819512489e+01
6.782617512218901190e+00
-2.688375817885845898e+00
-1.466901846920232266e+01
2.633273396317838522e+00
-2.539930411843108082e+00
-4.382001846948082147e+00
-2.215853839038593343e+00
-1.616127679221191116e+01
6.880034705268218254e+00
8.364023208079711225e+00
4.155912968036268751e+00
4.696936588549656122e+00
-1.397150396510786052e+01
-2.613499378328509692e+01
-5.726550943600558163e+00
-5.925993600804591033e+00
-7.868551709058158039e+00
3.347845973306980971e-01
-8.052398901821666399e+00
-1.121888946046664337e+01
2.711386860378945940e+00
-8.146510197234423600e+00
8.389164142282968584e+00
5.257139142358736805e+00
-2.279891305005043112e+00
1.911349330144396230e+00
-8.372257605462896990e+00
-1.166094574810572837e+01
3.119394539319981785e+00
4.515861241304929941e+00
4.646093027256481101e+00
4.714007506126050018e+00
7.135936613785718308e+00
-1.986454678782322958e+01
4.068323112221162496e+00
6.370155458558365957e+00
-9.633598855913522385e+00
-7.981275945398530247e+00
-8.407839963156471086e+00
2.000630652379158825e+00
-2.214120913859368156e-01
-1.004810412740370573e+01
-6.667289757075483436e+00
-8.075531295438114654e+00
-8.248175264237870508e+00
-1.309367863722084380e+01
6.083401779646740337e+00
6.299251605117005326e+00
8.088974534027078889e+00
-1.739222194567634006e+01
-4.535221085801170560e+00
-2.054092496246002497e+01
-1.147784853938958571e+00
-3.997766958490696076e+00
-9.724110217250940380e+00
-1.420536302918695704e-01
-2.022958360739124473e+01
-1.253628693777983649e+01
6.696647004068017495e+00
-3.156597259376974662e+00
-1.660078778811746147e+01
-2.354548297512085142e+01
3.455114259565970070e+00
-1.022268138144826466e+01
-9.133758606317133655e+00
-1.851111389870528612e+01
5.729227041756044692e+00
-1.431716840525722567e+01
2.264363784070200669e+00
-1.068245660702898547e+01
2.443314903604773214e+00
-2.041935424827230605e+01
-5.359324123498566905e+00
-2.542860252164130586e+01
-4.903530633595953425e+00
2.645692672039827720e-01
-5.324008816661851107e+00
-9.973706079975324101e+00
-1.836367737507836750e+01
4.963184823908310506e+00
4.745331745881423480e+00
6.590105065590551092e+00
3.171981474773830634e+00
8.427561334289455530e+00
9.599993241861325188e+00
-4.515831220171318883e+00
-9.784904488050532478e+00
5.064753559383909476e+00
-7.888838398242303818e+00
-3.104375181430233610e+00
-1.442483917480588040e+01
-1.518144613351755545e+01
-8.304668762479936461e+00
-1.472092753200998416e+01
-7.211000260265222117e+00
-6.524481634945060726e+00
-7.701627771181244420e+00
-9.600514757751001937e+00
-1.679552860669185321e+01
4.691356932604199059e+00
5.437235142397220500e+00
-3.357799627272476162e+00
-9.710216718671411229e+00
-1.171291658833349913e+01
-1.653583048845959969e+00
6.653172566935657173e+00
-1.387885538058984380e+01
-4.351364745792382749e+00
-1.570997082082262786e+01
9.303327558182669099e-01
5.805441547652839596e+00
-8.918160962741913167e+00
1.425803208435052483e-01
-3.245903366345296970e+00
-7.590093037461039138e+00
5.105784655365397384e+00
-1.795652677303261058e+01
-1.172219003592967290e+01
-4.552377366543876036e-01
-2.175105017204302982e+01
-1.233992931071438193e+01
-8.540720982342874024e+00
-2.377932317450940047e+01
-6.648464751221137448e+00
-1.420937998363024590e+00
-2.215873851085532920e+01
-5.134850410122437925e-02
-4.881560672974707416e+00
-7.961217856767030199e+00
-1.012613115140044151e+01
-1.337444143857465306e+01
-1.115523660414680762e+01
3.196841571159712903e+00
-2.134622888867996338e+01
-9.160001880263562768e+00
5.462633975439469047e+00
-1.019106819094639960e+01
-4.430743495944190258e+00
-1.390218910373700645e+01
1.981788673788928978e+00
7.458554156348692565e+00
1.341425623337068274e+00
-5.322368008268390405e+00
4.133093540851389136e+00
-1.358636676818132827e+01
5.435415950534011387e+00
-1.388024641882069510e+01
-2.327081741835796436e+01
-1.754925432194775681e+01
3.888363427261331662e+00
3.122146033141744992e-01
8.027016797803369741e+00
8.757388253493907371e+00
4.225362059403996007e+00
4.697134131541138125e+00
-4.765620091166480332e-01
6.589155170858770560e+00
8.173445644054023518e+00
3.492325901191539739e+00
-1.939687684115328992e+01
-9.952183628830734818e+00
-2.271659315855423245e+01
-2.096033765371291224e+01
6.519022653557001057e+00
-1.623702820883443465e+01
4.379836321413520750e+00
-1.160370302621859118e+01
-1.426740550806165686e+01
-1.989126984782444652e+01
-2.783704054182902787e+00
-8.727386666691382189e+00
-1.762901311583047104e+01
-9.951570593244690732e-02
7.599557796538455312e-01
8.732480194136130081e+00
-1.750774794789055022e+01
1.635944767947583589e-02
-1.019661334392787033e+01
-1.035862184045871004e+01
-1.018515153143856367e+01
-2.417776371333858165e+01
-3.782388957643951333e+00
3.951480745500824288e+00
-2.306754976042189398e+01
-5.293142884977176443e+00
6.389717216642536890e+00
7.684954656274284313e-01
-1.119712060511116825e+01
-1.572846663444044069e+01
-4.480349020114625880e+00
-8.138182439099988841e+00
-8.465739112313647396e+00
-5.459916096122001683e+00
-2.012328484183609234e+01
-6.501825202637570911e+00
-4.719789261302160810e+00
-2.108371480480680304e+01
-1.297262009913273850e+01
-4.115401652551730294e+00
5.927471564175858632e+00
-5.342817886016269391e+00
-7.902168897948158133e+00
6.192450038569933035e+00
-8.547357202538814036e+00
1.703761843094566686e+00
-1.754878819792583755e+01
-6.674034857920106312e+00
-1.554862725432480630e+01
-6.554960067776537613e+00
5.025254296082650285e+00
-1.202100098601114553e+01
-3.143703563524381295e+00
4.373339293470006162e+00
7.863340659183477577e+00
-4.537065465205867731e+00
-6.768574251900036032e+00
-6.434655073678091419e+00
3.607237838991520729e+00
1.581955152363362371e-01
-5.336290939869607897e+00
-9.654203038268386550e+00
9.665663710493225258e-01
-1.099963656482560737e+01
3.571534252592817982e+00
2.571463232864271919e+00
-3.621628184635741210e+00
-8.170241475267848941e+00
-5.745325485312580582e+00
-1.745161218661418800e+01
7.197301850664971745e+00
7.212954188305698011e+00
-4.117750316667218025e-01
-1.164189368482778342e+01
-5.497494018001035876e+00
-4.264526170847593001e+00
-3.959068419889840484e+00
5.625545112960534055e+00
-1.486371396187625926e+01
-1.125191734564951673e+01
-8.576194605977880414e+00
-9.442413272691963400e+00
-1.035382446658899269e+01
9.326929340567382098e+00
-1.559636275602763078e+01
3.534913170111184666e+00
-6.352870056100839768e+00
-1.999706829528282270e+01
6.336749258347996516e+00
5.808908627025812343e+00
-4.749122839245139893e+00
-1.697049271572354456e+01
4.901786514141346807e+00
4.236496462608181801e+00
-1.764388622697522635e+01
9.580767013991552616e+00
-7.877215594353139672e+00
-5.053551249650678479e+00
-1.306161092835349002e+01
-1.265032119113680054e+01
3.894793792395807142e+00
-4.579883786203867047e+00
1.813813748101657630e+00
-7.320366758046505495e+00
-9.892584689421157762e+00
-6.530499698859562052e+00
6.493649265242817492e+00
-1.689937727421670743e+01
-3.784678570343849024e+00
-9.154114858108302055e-01
9.022826468585446236e+00
-1.141348129052332361e+01
-7.150825699813874170e-01
3.420769980296139767e+00
-2.124072886058153387e+01
2.103881744275775123e+00
-2.824761728852644538e+00
3.021170993770551316e+00
-1.156608511417907259e+01
-5.182167689859586091e+00
5.007176866383881375e+00
4.885825760386142136e+00
-4.565372414143710755e-01
9.112357499746946976e-01
-1.328321698403247098e+01
2.798497188462001350e+00
-3.695476006557995685e+00
-1.402318501930791328e+01
5.425245450633704003e+00
6.724985999552394844e+00
3.521401660371990427e+00
-8.794964055963413685e+00
7.656481205227637643e-01
-3.980744516737786842e+00
-3.730790106439019205e-01
2.515337747032768689e+00
-7.683523042521838597e+00
-1.263042261793172116e+01
-1.366255111467159011e+01
-1.152679250049065907e+01
1.618021734013975088e+00
-5.078065799198110852e+00
-7.428123105271257742e+00
-9.609504201718170435e+00
-9.870939962786250632e+00
4.312172100444478851e+00
-1.679294183401711749e+01
-8.374655032880321315e+00
7.392771430518144449e+00
-2.334110547356889942e+00
3.196995713874602796e+00
-1.256274679183256637e+01
-6.232826312519038403e+00
-1.314702034325830304e+01
-9.001271211161320451e+00
-1.332379244819298947e+01
-1.788806404917382764e+01
-9.882721052795886862e+00
-1.645852155882656476e+01
2.728779142864832252e+00
9.314231020427451213e+00
-2.240551219923259296e+01
-8.809886354517034945e+00
7.843749711862895602e+00
-1.177826593387522003e+01
-8.762354923947945906e+00
-1.000103940025970850e+01
-1.838511072019664994e+01
-1.410252122335635327e+01
-7.352968312356793490e+00
-1.650105853970038083e+01
-2.072144726535481496e+01
-1.559491227767976085e+01
-1.311162897752522660e+01
1.114226619197690171e-01
-8.571141563133462427e+00
-1.460732776364148222e+01
6.412901376844251544e+00
-5.913001565906577994e+00
-5.892300404815451031e+00
5.565706766041680353e+00
4.006467620384279726e+00
1.309820366895189636e+01
-9.731266252412016371e+00
-1.259252472691946423e+01
4.541448666896078734e+00
8.879723594956661969e+00
-7.503746056827689692e+00
-5.978935512433539046e+00
-1.418390452818938741e+01
6.473560403658863427e-01
9.497083621082554217e+00
-6.870079006823072376e+00
-7.311187953708060405e+00
-5.252676873597798668e+00
-1.284288726569386085e+01
-1.119739991442996008e+01
-5.270407394411489754e+00
-6.863549640887105951e+00
5.190783507684904485e+00
8.865337310977651208e-01
4.929858673763059862e+00
-1.197453572931502030e+01
-9.853329979225039281e+00
4.103116688614386831e+00
-1.090505986059689469e+01
4.263196246550163160e+00
-7.828201100650297839e+00
-1.468512766966777860e+01
8.135274051781955507e+00
-1.426793337622264124e-01
-3.593758181527025197e+00
-5.702836661916785843e+00
-4.579858451056141533e+00
-1.244183734308120215e+01
-1.819520421452559944e+01
7.961079745207380931e+00
-1.036063811713456673e+01
-1.194385713024697893e+01
1.529584694095328157e+00
-2.554427669253763078e+00
-7.538336595013580776e+00
-4.151035332785456555e-01
3.655152865682403718e+00
-1.364559038806675773e+01
8.318907234723019073e+00
-1.769406129834452557e+01
6.473528164652549322e+00
-2.900662633950843006e+00
-8.687115164288877978e+00
-4.602356695998166103e+00
1.350870465208423798e+00
-8.387230108661372086e+00
-5.531928775103697404e+00
-8.740038959450615152e+00
-5.168153187315438934e+00
-1.469351758529896657e+01
-2.080540249608501213e+01
-8.600477442339903078e+00
-3.234922816604464568e+00
-1.127659707123392430e+01
3.703041995774519979e+00
-1.099423697645346287e+01
4.521070469573396089e+00
4.897923098781954643e+00
-6.467462835317361325e+00
-4.837108730486944230e-01
-1.566457999764437048e+01
6.279468220630047171e+00
-1.156842954162672932e+01
-1.994394697054155685e+01
-1.683633121455731629e+00
1.449738435870640441e+00
1.896690413866486402e+00
2.507628713056570646e+00
-1.794552472166203572e+01
-1.355329437050165353e+01
6.661467081711018423e+00
-6.544729658947511908e+00
-8.596292064458774362e+00
8.722908353802178993e+00
-1.308451282972766805e+01
1.009038201425299164e+01
7.829834716903662617e+00
-9.329344443883199389e+00
-1.052541564191193224e+01
3.728438264362073706e+00
3.260855791106859414e+00
7.056262905375541905e+00
-1.902323082141202715e+00
-1.879474379550165608e+01
-9.794120781814841692e+00
-2.246096120761572479e+01
8.154672782301773282e+00
-1.993661523322837326e+01
-1.350414296583191209e+01
-5.052649682951833476e+00
7.168641346455967955e+00
1.323472821725507398e+00
6.919903413731754993e-01
4.902048316522506610e+00
-6.600206900585988912e+00
9.622638486621552190e+00
1.637840167406621195e+00
4.586707308860865417e+00
4.039500377705987688e+00
6.925041809095761280e+00
-4.048865399806937937e+00
4.798289523202631912e+00
5.816488266562688025e+00
5.436590609073667091e-01
-1.007415709069991649e+01
-6.888369831672553900e+00
6.714375187013480684e+00
8.332154438386650597e+00
1.714709122259400420e+00
-2.589990776748276957e+01
-1.915145178221071376e+01
-5.235924770796370531e+00
3.389870530563489748e+00
-1.053793244019545483e+01
-2.086760449346347102e+01
-5.473883218169320664e+00
5.632077228691879434e+00
-1.016326969067182517e+01
-1.605189777662948014e+00
-2.152527229668483244e+01
-1.448938933279245056e+01
-2.029384890430791799e+01
-2.389557969572819118e+01
-1.701453322482220898e+01
2.762650673327405215e+00
3.241771015702360259e+00
-8.567521985066113288e+00
-1.324493283845175462e+01
-5.287102641193979657e+00
-2.689961486855039663e+00
-9.583590236212357283e+00
4.772794916699379719e+00
2.918102820926820939e+00
-1.041614124706412703e+01
1.020452930243344802e+01
-8.664184589836764872e+00
-1.754865496783862611e+01
3.594143426258345819e+00
-8.618287970334668202e+00
-9.192848118541474989e+00
1.631216569844418984e+00
-8.577956661022080098e+00
-1.061977756716424892e+01
5.711191954268035609e-01
-4.811580194071061634e+00
2.983811267931107292e+00
8.097506210077572320e+00
-2.153380328711648417e+01
-1.355774759542749308e+01
-1.710435868319737551e+01
-1.473248845213197988e+01
-1.173447075210565238e+01
-7.687416765405353125e+00
-9.472176327702456433e+00
1.042639900608071990e+00
-1.969538488840638024e+01
4.903163918654377618e+00
3.064481996522851137e+00
-6.200841209986522884e+00
-1.514311899723990607e+01
-4.387260174260269707e+00
-5.783174928383110647e+00
-9.879918177080272201e+00
-9.170166457079597322e+00
-3.105584824601602123e-01
-1.725142627884170565e+01
7.491971902370707426e+00
5.792078524704887599e+00
-5.214606198857835828e+00
-1.658910224848423454e+01
3.788280279899634451e+00
-2.143214240054610897e+01
7.900924204838974063e+00
2.830518074622082825e+00
7.139977395934189452e+00
-1.697960260778402031e+01
1.083220262940776557e+00
1.721527014868037941e+00
2.508155373730767579e+00
-9.715047670388567980e+00
1.645202647704891330e+00
1.283223984383922822e+00
5.083659391520646942e+00
-1.659265767315716644e+01
-8.318734062522404216e+00
1.632402989796536197e+00
-3.013030419055041098e-01
1.776001881512712544e+00
4.727474034554426829e+00
-3.722608514513946476e-01
-4.085519922272556670e+00
-5.847634904668567835e+00
-1.861719576478387594e+01
-7.255455652066098438e+00
-9.952437479743998949e+00
-1.286270241861413766e+01
6.456385883769061529e+00
1.329649164902072744e+00
-9.099114997696780449e+00
6.179532585909712772e+00
-1.211969610655383356e+01
3.222766767866490634e-01
-1.493266298266546954e+01
4.480805988412769558e+00
5.257712674744621673e+00
-9.261149270791593224e-01
2.796208763143955611e+00
-1.370072679024248430e+01
-5.067195268934179708e+00
-1.421396807032078158e+01
-6.813430038195694038e+00
-1.648186102991414970e+01
8.660319534663234453e-01
6.599273387178212324e+00
1.400316143274263680e+00
8.355989409374497967e+00
-2.184490824303965795e+00
6.189794218179598850e+00
-1.462689151155461964e+01
8.346273915218830552e+00
-9.859955770863990665e+00
4.194186559735755715e+00
-6.938634497598611617e+00
-1.678383318993504503e+01
6.113282952246808399e+00
-7.792400919402168391e+00
-1.059927324483415845e+01
-1.105789330995143693e+01
-5.694777961567283775e+00
-2.389608947566188135e+00
3.380196092740359148e+00
-1.085307631303082765e+01
-7.211925108209428004e+00
2.968185226303085678e+00
-9.017713985035165081e+00
-1.334429816977143801e+01
-8.667442860357256862e+00
3.377351493434442631e+00
-5.521243488053432458e+00
-7.029500555528207961e+00
-1.487771844075389538e+01
-1.735735742398863124e+01
-1.138556285531925383e+01
-1.563578835827612501e+01
-1.813732292308504412e+01
-1.084458371085772832e+01
-6.372809408066175685e+00
1.471451616687467379e+00
-1.038563134373028340e+01
-1.129105391354766930e+01
-5.629229527270957156e+00
3.883291017763333741e+00
-9.780888251199694849e+00
-1.206902508750126479e+01
7.164347178803191163e+00
-1.255391734492903311e+01
-8.489097391967749928e+00
-1.145510820939488461e+01
-7.688414904111838588e+00
-2.741296651792711536e+00
-1.540485347417150663e+01
-4.256898842584032394e+00
1.730954186008963003e+00
-1.287119965221933171e+01
-3.719696900529940287e+00
-1.435507448249606632e-02
-2.308294281996798425e+00
-8.455948863610515787e+00
-1.200696369341278213e+01
2.577226777836432170e+00
-6.168351714954000364e+00
-2.273414691451675651e+01
5.629856534917877298e+00
1.583388701284326405e+00
-1.620676781545187595e+01
-3.991577296138673070e-01
-1.707252630445435670e+01
-6.571110928678637109e+00
4.651980069181336219e+00
-1.477771614938879097e+01
-3.225616126390614902e+00
-4.871884829730089628e+00
-1.166164219095181842e+01
9.961330905893266419e+00
-3.650638067709365053e+00
-1.361131940837310417e+01
-5.717638684229635615e+00
-6.232372392287396146e+00
9.986967151012688504e+00
9.498209455586072991e+00
5.311782921421796644e+00
2.517351868826344319e+00
-1.142776184015446894e+01
-1.146385160878173970e+01
4.064830694498536623e+00
2.285159298307389175e+00
9.812033452814667989e-01
-1.006447800190603559e+01
-5.107174371960084613e+00
-9.916190643001886684e+00
-1.180756883968110404e+00
-6.295049852775287391e+00
-1.775633918019244462e+01
7.234861966038129033e+00
-1.196716288569620978e+00
-6.771236300922921281e+00
-9.408571704761852672e+00
-7.631825243432724948e-01
-1.432670690183674189e+01
5.829308154610073345e+00
-4.068790109010725686e+00
-7.637648985367567533e+00
-1.185649582880634156e+01
-7.361330903736112319e+00
-1.876168587046185365e+01
5.746303775384546952e+00
-1.239700409201005371e+01
8.174534761468663646e+00
5.444818561607560170e+00
-1.734539016281713941e+01
-6.378520626274443828e+00
-1.516343074246167610e+01
3.764118615050657368e+00
6.824620372794446332e+00
-3.679392830570479500e+00
-2.389858128612379673e+00
-8.563843942432644241e+00
-2.956930199991599562e+00
-1.083690985704548027e+01
-3.708118806489646424e+00
-1.352094567292279415e+01
-2.342894625050836677e+00
3.318944076348507188e+00
-9.762028479632800071e+00
-9.922413508906977597e+00
-1.289359944473963004e+01
-1.070452209787170084e+01
-1.700876209128916017e+01
-9.559455510314009530e+00
-1.257868864255435426e+01
-9.411187501684999290e+00
-1.233061953600750194e+01
-2.684609067580492336e+00
6.713461946420523851e+00
6.624473881845191592e+00
-1.047278110691114250e+01
-9.238154243113422481e+00
1.864248791504476976e+00
-1.866798539780521082e+01
-1.528261014443196153e+01
-7.840582777151015925e+00
-1.185108743196532544e+01
-9.053134081682429724e+00
5.991025578005473307e+00
3.275459076312972062e+00
-1.084149662094445610e+01
-3.153158046406133952e+00
4.334183735145676231e+00
4.985685775638301287e+00
8.086209201831669802e+00
1.730816422388480991e+00
-1.464887278109229207e+01
5.070526205452081214e+00
5.913035204001608758e-01
4.845325337193472137e+00
-5.646903469739853243e+00
4.581837760185445418e+00
-7.797305695702380746e+00
-1.227332701295849837e+01
-9.987202286410180818e+00
-1.355852591268173946e+01
-2.205051920395362686e+00
-7.038750666711785620e+00
-1.796914377349891012e+00
-1.590429841811131517e+01
-3.756950672835571492e+00
7.099855155715432353e+00
-4.460415396804446431e+00
-1.203983919282777815e-01
-3.877514388344720508e+00
6.721350575088428592e+00
-1.072930652791618478e+01
5.625044174665383423e-01
-4.222804213923057048e+00
-4.367514113769207285e+00
-2.973162222675917565e+00
-3.893376981293306116e+00
-7.870873722250565585e+00
-1.218636473202851711e+01
3.748184785651747397e+00
-1.498780147180778322e+01
-1.436904412518516239e+01
-2.000442136009609939e+01
-8.741509877865034639e+00
-6.076400817312338276e+00
7.001805376956300009e+00
-2.268191473331381047e+01
-1.066016848754638424e+01
-6.562197181757352560e+00
2.504619519891531976e+00
-8.158071876217572793e+00
4.926049747834291281e+00
-8.163066539758219164e+00
-1.813404040188772326e+00
-2.661324782578492787e+01
-5.520705394836546098e+00
3.167888125708914870e+00
-1.335914135279437609e+01
6.105789401327114341e+00
7.549683182318588592e+00
-1.313357191214964104e+01
-5.058267923434947910e+00
6.339238915186149903e+00
-2.499509198266740562e+00
-1.569660781644775760e+01
3.809732374990769666e-01
-5.817349264642827089e-01
2.528206032929691816e+00
-5.526700546573346529e+00
3.856160775059924717e+00
-6.823152646880258132e+00
-9.120419298289377252e+00
5.385662484303871622e+00
3.362889209650560485e+00
-5.129403901731663495e+00
-2.598395348992207232e+01
-9.979628094622809087e+00
-1.977096822353316297e+00
-5.711370279777966630e+00
2.241650786264981932e+00
-6.878712026469719909e+00
-4.579092088053156928e+00
-1.381311966350145504e+01
-8.884111656474559027e+00
-1.729222818364242187e+01
-9.872899368264347331e+00
1.652361433791398326e+00
-6.162956904219315746e+00
-2.428571385641483116e-01
-8.824387704068731964e+00
-5.181138181831432377e+00
4.542635853177617200e+00
-1.366560626378527843e+01
-4.346328987276219635e+00
-6.365297196688315395e+00
-1.769606652679028613e+01
-1.119260534470149970e+01
-1.744219028178795483e+01
3.522830680095443867e+00
6.296224737381452385e+00
-1.023874284906255738e+01
4.848849336552912170e+00
-2.373920968138810483e+00
-4.461243347126911729e+00
4.209089215505264825e+00
5.506300138793100984e+00
-9.853252383514618629e+00
7.982569432699010648e+00
-1.440693199987094530e+01
-4.656416750456627618e+00
-1.520207270818702128e+01
4.504481715074759585e+00
-8.144733133652341195e+00
-1.172388180388071888e+01
7.095286820318556842e+00
4.930895073100145076e+00
9.845926997556191385e-01
3.026499869793131570e+00
-8.193581327546397119e+00
5.488497330097355409e+00
-8.288538004536849968e+00
4.367760049777135833e+00
3.844560960524381343e+00
4.501784294170600553e+00
-1.095326787498302679e+01
-2.279265420898579464e+01
-8.686952404236469860e+00
-7.939176574469180458e+00
-7.814722941178907867e+00
-4.890492546839996457e+00
-4.944555737951595198e+00
3.120180901105833904e+00
-9.647667373587360373e+00
-1.134586890479816823e+01
-1.836853340345435370e+01
2.686260408057956184e+00
-1.307195275369214471e+01
-4.261687276363042898e+00
-5.539596487366330813e+00
-6.036243158353951088e+00
-1.538925413568553147e+01
-1.641913974635119189e+01
-1.098084412735066451e+01
1.177434541162713622e+01
-4.650533835882986189e+00
-5.553348770487972708e+00
-9.164949383331208566e+00
-9.702600208148805194e+00
2.305808647445018789e+00
2.851172142154630773e+00
-1.718867503452350576e+01
-1.138576623176031077e+01
-1.093843709324480606e+01
-8.573152577189150136e+00
-4.791630251421544529e+00
-2.450131538902435291e-01
-3.346426155744380626e+00
-1.333417309470654821e+01
-6.866277687253206530e+00
-1.006634239025473398e+01
-1.297205695972459694e+01
5.616326308287861835e+00
-1.321737182494211904e+00
9.477271667288594159e+00
-6.141637562405085404e+00
-2.143642650833812002e+00
4.983365960734333910e-01
-1.501272523934936487e+01
6.385087796171538876e+00
2.456772389451552296e+00
-6.063627661296154159e+00
2.356797807384596766e+00
-1.885611902904244985e+01
-1.808160472320015444e+01
1.119059213721894874e+00
9.434858569543031592e+00
1.564659262288000896e+00
-3.189869240801702865e+00
3.960302157015949120e+00
-1.028673186047097943e+01
-1.916678514023554047e+00
1.304680077766450674e+00
-9.420039724645851820e+00
-1.462520147916045943e+01
2.987490670716475893e+00
-8.309803485515629973e+00
-1.650237289112443406e+01
4.511128336128257033e+00
-9.519754896016616286e+00
-6.548297636540111100e+00
-1.146858957017955838e+01
-1.342285466189757059e+01
6.595384898543798613e+00
4.632300558467236762e+00
-5.346861384977353637e+00
-1.999907089049317221e+01
3.909390572486492132e+00
-1.706438861760029724e+01
5.399597968483404564e+00
5.018805919190065801e+00
-1.160152267546986415e+00
-6.409760956427370537e+00
6.882517754547628819e+00
-5.441045306932060122e+00
-9.630948537499323336e+00
4.705962856465728983e+00
-1.297172149598442381e+01
-2.342783558973142721e+00
-3.781526636082023440e+00
5.440161427449234033e+00
-9.378533168047004764e+00
-2.341313813662172194e+01
9.739338717895455133e+00
3.933420300584856477e+00
-9.719949132962725002e+00
3.060433090225818109e+00
8.084241442295100555e+00
-3.236703979241420948e-01
3.567046712947664844e+00
5.765631255786506593e+00
-7.212312205417330979e+00
8.763986499291002374e+00
-1.769749874162622660e+01
-2.751999806821257444e+00
1.065613402273357302e+01
4.143787289456933642e+00
-6.653939513302223219e+00
-1.815095452745152471e+01
4.822605662201280730e+00
4.334222921560739294e+00
-6.560824098588134978e-01
1.342481925032912304e+00
1.636303706919161272e+00
-4.894310350159705614e+00
-1.706422930114615255e+01
4.421125968932126504e+00
5.402734476649774464e+00
-2.858882718680461732e+00
5.931101724793920837e+00
-4.665446502931559714e+00
-3.545622437850767472e+00
-3.235376898256285827e+00
-1.089171503780858075e+01
-1.001024842056347808e+01
2.987679178242439448e-01
-6.276754169828049790e+00
-1.618967331690274847e+01
-5.862620139172640243e+00
-1.089462668928340427e+01
5.241979159458320048e+00
3.266204297970158876e+00
-1.114650238821733552e+01
-7.408223806294372826e-01
3.801453078304306121e+00
-1.415205987303747914e+00
6.255567823204394529e+00
5.005804148682249988e+00
-2.016566109031183629e+01
5.673093240136414472e+00
5.432880077888600390e+00
-1.995448129873023291e+01
-1.800682981442247410e+01
-1.871345380583276707e+01
6.810242504917172646e+00
1.060167079662943213e+00
8.476295501792277420e+00
-1.686774195569866919e+01
-6.297822861666124261e+00
-5.142758610248013618e+00
2.920924439742029310e+00
-8.452765802499076386e+00
-4.907418884745746723e+00
-1.407360761159220530e+01
-1.450116651628130349e+01
-6.397587874441557076e-04
-7.460638836671082075e+00
5.588890356204101018e+00
-3.548451314072893048e+00
-1.019219301308198844e+01
2.790256549408067777e-01
-1.373977813423662120e+01
-3.842915298570256155e+00
-1.199812154940152986e+01
-3.879911918689213923e+00
-3.591506215890039933e+00
-2.874049372235810140e-01
-1.820397849813760516e+01
8.438299509850857305e+00
-1.453870157609122415e+01
-6.021412684225646572e+00
-1.894598169612208238e+01
-1.039653870818464476e+01
-8.754031945993519415e+00
-1.848319585946206445e+01
-9.945714739883401379e+00
-6.390926598334931263e+00
-1.718199507502238532e+01
3.361404782011943926e+00
3.379383848663940704e+00
-5.097231743372316437e+00
2.642894097568760259e+00
4.171411364762267482e+00
-5.148068777741991120e+00
-1.149471842751786888e+01
-1.188540077604900702e+01
-6.476369400376364105e+00
7.950953115421538264e+00
-1.461663416368921453e+01
-1.128382686210048647e+01
-7.941979154280025988e+00
-6.769016035818547827e+00
-2.109964779359231812e+01
5.503302934161554028e+00
-5.011885828592047787e+00
-7.034340190894838862e+00
-7.788677863579817284e+00
-1.128309474538579060e+01
5.910072484041145380e+00
6.034469575730132540e+00
-7.184833713907021746e+00
-7.932141630240122865e+00
-1.565818087407132886e+01
4.312652135159245503e+00
-7.348984604562387446e+00
4.399650500528261565e-01
-1.002402541234396871e+01
-9.347982108556481151e+00
8.555295723758563620e-01
5.767669836257280913e+00
8.063998652131944667e+00
-2.960100949881396826e+00
-1.900498871148518010e+00
-2.639599958792398393e+00
-1.385279440080314295e+01
-3.824524231419218268e+00
3.938605100566081596e-01
-1.861949095685011457e+01
-4.113718309875094015e+00
1.962491809039605517e+00
4.249926219748553891e+00
-5.375398501471069679e+00
-1.314467599738694403e+01
7.602186386538904550e+00
-1.679018156066153011e+01
-1.425389656957617390e+01
-1.174913543989399400e+01
-1.476049645337585758e+01
9.063761534361721717e-01
-5.304557358875674922e+00
-5.523706260686776837e+00
-2.156703342425725012e+01
5.590994473202074211e+00
-6.262860826697899341e+00
-9.942987365793577226e+00
-4.886358804655119847e+00
4.089146301686475304e+00
-6.175498474138467309e+00
-1.572470709486540663e+01
-6.055726635795081414e+00
-1.877183910697275238e+01
-1.427533319943506385e+01
-4.725074099070097233e+00
3.395908953280063258e+00
-9.850658088884813424e+00
-5.698203240407545778e+00
8.884089189554279287e+00
-9.526782456575743296e+00
2.670016423997768840e+00
3.024215357685703598e+00
3.486625154584425790e+00
-9.019631316141660804e+00
-1.526972015977333541e+01
8.788084984640017749e-01
3.530975759214846743e+00
-7.733560774681118133e+00
-9.191368074613983197e+00
-4.771060966399257808e+00
-3.605859809304579944e+00
-1.481273275415755375e+00
2.977551296518044843e+00
6.166370287507635384e-01
-6.506910403072133420e+00
2.874641431062777475e+00
3.880995693580177264e+00
-6.543575267676901674e+00
-1.251620821078962642e+01
-2.664504907092417607e+00
7.806835096508115690e+00
1.824041231064893687e+00
7.478925216006756749e+00
-1.148062961845083585e+01
3.380559579731098996e+00
8.588383783374112568e+00
2.110701141289500260e+00
-6.684851030970984098e+00
-1.234299148086985021e+01
2.321322890692698149e+00
-1.163280147823158117e+01
5.777611090372515079e+00
-1.714769003720513396e+01
6.804865014685518076e+00
-1.044206863399115015e+01
7.001591368625932787e+00
-1.277574956508576554e+00
-1.323730232052995603e+01
-2.254208450660472263e+00
2.179873740737228172e+00
-1.088972422724005362e+01
2.623546186171132444e+00
4.740797154002723168e+00
-1.768391015135270550e+01
-1.060462251909128817e+01
7.028478558936124276e-02
-1.294041641219767591e+01
-1.856204985686460773e+01
4.535120398501407912e+00
-1.393993774202466174e+00
4.007232779565527814e+00
6.132335842368180856e+00
7.670898531112652741e+00
-1.353844081249102871e+01
-1.221471753098671087e+01
-2.026136990562479756e+00
-1.401774461588088494e+00
-9.380875759965283223e+00
-6.503137125272908214e+00
3.465186875548929901e+00
7.380068320108611246e+00
-5.370135934539505662e+00
-3.817098522936723803e+00
-3.020587033941369182e+00
2.801347587507589498e+00
-5.486695923135524566e+00
-2.610252331504669066e+00
3.114481699103717638e+00
2.522205309811908602e+00
-1.800517089904275281e+01
-1.167276419447444624e+01
3.890067714837018631e+00
6.956025993624342263e+00
9.123484558956432622e+00
2.587182516923934195e+00
-4.100001598738623798e+00
-2.284449048176002695e+00
-1.307201493316872387e+01
-7.869654881376302313e+00
-6.498215639823875733e+00
-6.881905198962345871e+00
3.944842920892088767e+00
4.961364309272236817e+00
5.624017471846859406e-01
-3.297158532926467434e+00
-1.890565265015759522e+01
-1.272748881676292854e+01
-6.762533847490667327e+00
-9.882285096419890280e+00
-1.667601022253847987e+01
-1.341225715639383509e+01
6.454662081901641812e+00
-2.097541924969077876e+00
-3.925789719037520165e+00
-9.677956046705213922e+00
-2.806930856826195697e+00
-6.989320954725914525e+00
-1.147892237181739894e+01
5.218378963063302400e+00
-1.592013782501297037e+01
4.714294819691562388e+00
-1.712621592436457618e+00
-1.701451869409970641e+01
4.680681389904780554e-01
2.173344232530439069e+00
-1.162359268504220289e+01
-6.844852673795058351e+00
8.625463891047454590e-01
3.625420665566518874e+00
-6.638410015672389974e+00
-8.827783814088794756e+00
-7.183950543009229861e+00
-1.109998808403743098e+01
5.590004341912405472e+00
-1.662851915139991377e+01
-1.348770005337619438e+01
6.503912868683234372e+00
-7.872941252438355519e+00
-9.959004523906742179e+00
-1.671859919641856962e+01
6.617062547848058252e+00
-9.711994251476520290e+00
-5.817179807243147316e+00
-3.309926652063821528e-01
-1.321123697884892856e+01
-1.564030279293793235e+01
5.492613905045101497e+00
4.272226140450077203e+00
-1.322794309762933551e+01
-3.401896667132602303e+00
-1.964394306010329494e+00
5.318604303391898824e+00
-2.891897957696066168e+00
-3.746571613845822046e+00
-2.177828163732244349e+01
3.522696394993137137e+00
-8.777138126857501277e+00
-7.195015594023054462e+00
-8.344994849889692645e+00
3.130963957280455734e+00
4.942483241879792821e+00
4.580850196510441563e+00
-2.259799135490353095e+01
3.158143295393477157e+00
-8.052296345353234130e+00
4.665371693014488841e+00
-2.812927626689365912e+00
-1.228063696277588335e+01
-7.795269705515308623e+00
6.732495552577600684e+00
7.383594140386657401e+00
-1.345495720321330779e+01
6.021119279187310269e+00
2.047043558922410522e+00
5.476777516865389828e+00
-6.001501295814332337e+00
5.503473808434412362e+00
-1.545871510312143471e+01
-1.702807793735441422e+01
-1.375809362460035778e+01
4.746124353251267358e+00
-1.405393907162763245e+00
-1.240423669121261518e+01
-1.163113652621917993e+01
-3.960023008935070532e+00
-1.190171641802860059e+01
-9.608854481359061950e+00
-5.826849458344446120e+00
-1.006609219212838546e+01
6.976374249581969167e+00
-9.482104031470298011e+00
-1.790475325982815846e+01
-7.587589211921793586e-01
1.102833473397791053e+01
-9.429367712849934691e+00
8.992033252728530712e+00
4.328838512579439524e+00
8.080419357100751654e+00
-1.307963873381999376e+00
-7.674652958424939442e+00
-1.693142305033677353e+00
2.245277425827571172e+00
-1.640156133294792440e+01
7.784608168542701101e+00
-7.543512761877029682e+00
-6.315010270252724212e+00
-1.715428634960200682e+01
-1.601773305374777934e+01
-1.658250841817139332e+01
-1.150373804789807508e+01
-1.772600837364844750e+01
-3.646222138338877539e+00
9.165752195589540463e+00
2.581110962805303721e+00
-6.806213936143066690e+00
3.117738292651421439e+00
-6.287204872594280847e-01
-9.649505500738717600e+00
3.635968134767948445e+00
-1.714488643602517826e+01
9.853145736225981111e+00
-1.319062032574250942e+01
-8.157773373930378824e+00
5.665961606661417349e+00
-3.892884196453292756e+00
-1.963106702621848143e+01
-1.533055806791311149e+01
2.254462648672569625e+00
5.057769705043046571e+00
-6.866438598296938700e+00
-5.645580543047834077e+00
-4.195235315197287651e-01
-1.084164675387471277e+01
-1.889012311378640163e+01
4.342168428392633173e-01
9.856833656237881769e+00
4.976156141692506196e+00
-1.079062812189662779e+01
7.117154407038875696e+00
3.071734525457296083e+00
-1.445115937305690679e+01
-2.529966772543542675e+01
-1.360744547144241867e+00
9.454185165477965169e-01
7.254670553202446470e+00
-1.089062127684389658e+01
3.894122754363280148e+00
5.327248922811834930e+00
-4.735902556308644762e+00
-1.625390931199629208e+01
-1.621379242215597571e+01
7.493787222865067044e+00
-1.939932579264372237e+01
-7.860564923490859890e+00
-5.153850138566790307e+00
6.196550742728857308e+00
-1.432372028510547146e+01
3.794435009635472422e+00
3.067127582892907878e+00
-1.156954746365296316e+01
-1.228063472465317574e+01
9.858383584829885748e+00
-8.130921153547539859e+00
-7.102698101643886375e+00
-1.227001282861587406e+01
-5.235596854653895349e+00
3.593296296897812159e+00
-5.768742971440000922e+00
-5.289202953227841064e+00
-2.231502815009869423e+01
5.674906575537213449e+00
-1.126097623255805757e+01
-1.733960362770617536e+01
-1.726607628818275586e+01
5.341986963511175190e+00
-5.508292957451984329e+00
8.951141462775431989e+00
-1.904445260589632127e+01
-9.078995624619723870e+00
7.126274049003030520e+00
-1.734282309527693045e+01
-9.126482543752601373e+00
-7.512913566643693919e+00
-1.205078848711895034e+01
-9.721268150367674110e+00
-1.313975121428041959e+01
3.405369900907598613e+00
-6.191328941063541258e+00
4.225071766200854562e+00
-9.964342351557556654e+00
-1.090601483467615473e+01
3.795697047070295316e+00
6.213795810285147603e+00
-1.274849519370961026e+00
-3.518816058402007840e+00
-1.620976342595396247e+01
-3.214549381642794135e+00
-7.800026100711773047e+00
-1.731443532198537483e+01
-4.983683404323396182e+00
-1.323116387464914467e+01
-7.275206358572558152e+00
-2.796643488703138392e+00
5.741876037952896583e-01
-1.859095590736697901e+01
-1.275284943277689820e+01
-9.259975798785397672e+00
-1.852951705468869292e+01
-1.177026887925384280e+01
6.207635085917225792e-01
-4.127677342536220095e+00
3.860289135445551079e+00
7.499083477975974965e+00
-1.374675504886575794e+01
-1.164848422474228684e+01
-1.599353532422797741e+01
-1.487590734190724362e+01
9.602881229586644807e+00
1.562737091853477089e+00
4.743825196283110834e+00
-1.436539219956101299e+01
-6.486182293117144226e+00
5.923123499944890291e+00
-1.312301491439467860e+01
-2.798782727914623347e+00
6.333872180291034937e+00
-1.091229182368041961e+01
-1.137830666213299091e+00
-1.535777833432054873e+00
-9.477395233646243033e-01
-1.398605030771492963e+01
4.970372744132988352e+00
8.843641732807343558e+00
3.877951525563586355e+00
-7.518073024911481106e+00
5.213990258482305684e+00
-1.190147856500740176e+01
-6.003413812765074020e+00
6.561510952185062528e+00
3.263593622724781262e+00
-1.625109613525118490e+01
3.588455171308912117e+00
-3.121062238544943135e+00
-4.861994826070176190e-01
-7.836908544170047008e+00
-7.889642206587645035e+00
3.368398336213325628e+00
-1.030180561903779157e+01
-9.420802759506267776e+00
5.107486771823542604e+00
3.695886525740899042e+00
-1.444603346568774871e+00
8.621174490215889108e+00
-9.521689069512770942e+00
4.675631166888644330e+00
-3.425591952163265397e+00
-1.777966293460643143e+01
-1.199848715746695582e+01
-1.339335565362173952e+01
-1.064951763898138992e+01
7.138724107513624295e-01
-5.773266559312911994e+00
-4.533447794365980665e-01
7.306136531341421936e+00
-2.119314801467937315e+01
