-6.026620493239117415e+00
-1.168114948928353058e+01
8.180641783362952779e+00
2.254153547094060350e+00
5.574863496659187234e+00
1.650735821809529158e+00
-5.174417162022274752e+00
-4.746681179382681304e-01
-7.611365291663310106e-01
7.490367689184629363e+00
-6.050609088704047567e-01
-1.751527399261152240e+01
2.982105293577067329e+00
6.696571079001897964e+00
8.180445680061749769e+00
-3.645768868591135359e+00
-3.971330644911526431e+00
-1.400240691960351214e+01
-8.091398995374580849e+00
5.680757394529845072e+00
5.808967768875795690e-01
-7.145342845331724924e+00
-1.164614338532040705e+01
-1.811986507127264545e+01
-1.554140268189263097e+01
8.032372809919504419e+00
-1.179871935248364778e+01
-9.592493398273036931e+00
-5.937234303868228480e+00
-2.051369635662607749e+01
-5.302361916394398911e+00
9.049335306991869388e+00
-5.549811267767733591e-01
-1.080354855147806248e+01
3.141191099787473018e+00
7.658499406164168022e+00
-6.916789210702275703e+00
-7.133231439305742327e+00
-1.740924233568896895e+01
-6.014060916453812133e+00
2.552558521332512598e+00
-7.441100905877199523e+00
-4.471444412714676631e+00
-1.257334714153524224e+01
-1.119190446287184493e+01
-1.602727847132431194e+01
-5.197267971334690095e+00
7.804683414179270917e-01
-6.309616902996295629e+00
3.876456548673304359e-01
5.915187879417762140e+00
-5.498541624043769005e-01
-1.847820787868131021e+01
-4.095919072428978680e+00
3.053747891817830684e+00
7.412530907143432657e+00
1.735411742011483682e-01
6.930473989380525612e-01
-4.326530442917654540e+00
-5.732144284831028003e+00
4.786643009774491198e+00
-2.033931436313298313e+00
5.198279216412611703e+00
4.787917198785704542e+00
-1.173290015036941902e+01
3.049726975071414437e+00
5.056089913517426204e+00
-4.431413316218698384e+00
-2.039796078779094468e-01
-1.166692148557036646e+01
-3.562093078516008759e+00
-1.415114443994790783e+01
-1.145427455068416922e+00
-1.268929644051122452e+01
-2.355140546074513708e+01
-2.989142649136323771e-01
-1.325332265548479249e+01
6.676723165562160389e+00
-3.856676095261263981e+00
-3.932808828049176419e+00
-1.190242374375763035e+01
-1.366481708130527117e+01
-8.294067650582125140e+00
-1.061816741573391987e+01
-1.514673163617181473e+01
6.843575476264289748e+00
-1.637948354101326842e+01
-2.050252440262697462e+01
-2.836366587880144507e+00
7.004951489908080475e+00
-6.564907645839437755e+00
-2.391769079614135762e+00
5.812725385460453253e-01
3.071839670727420479e+00
3.739910945001532205e-01
2.092489766142439311e+00
-1.663035435928444272e+01
-9.114561202028967912e+00
-3.787111333707117833e+00
2.894704043320130982e+00
4.654787386162471563e+00
-1.642580137717749977e+01
1.723391060433078437e+00
-2.060469986465236047e+01
-2.084281736361944226e+01
-1.355144587420019064e+01
6.503013065404767090e+00
-1.022144631580711671e+00
7.915251027840853659e+00
-1.228317461817578327e+01
-2.313225756972457603e+01
-6.099134381520102011e+00
-5.887364232891828308e+00
1.612917707463849437e+00
-1.012380161441707394e+01
-2.373900212118979880e+01
-4.036362691517547674e+00
7.052723022117851848e+00
3.968903274389778524e+00
-1.601523777576954899e+01
8.905523414688129691e+00
6.108737420085378567e+00
-1.621664637275196696e+01
5.726000068936082599e+00
-4.128648040555582099e+00
4.146687872724950097e+00
-1.647660223184001183e+01
5.769307052348774612e+00
-2.248281710540056366e+01
2.940222646526479355e+00
5.416751305648337400e+00
1.877382482620209903e+00
-8.384670528643027865e+00
1.296344979695438493e+00
5.694777228467986507e-01
-4.796837541273982097e+00
-8.415693202084844060e+00
2.399832797067220913e-01
-9.261817328151577655e+00
-7.574193957735539939e+00
-2.869682332822482085e+00
-9.276622770601104406e+00
-1.277606833958588517e+01
-3.477954230803578017e+00
-1.548440832710683601e+01
-1.012391075164547338e+01
3.487229540730658162e+00
7.581695036138367705e+00
-7.717848583895787762e-01
-1.715396022218486394e+01
-2.620278432863951235e+00
-1.969986376220765933e+01
9.610658705142132163e-01
-1.553463674186678745e+01
-1.439246228184460907e+00
5.979674319068617905e+00
4.684496654322479081e+00
-1.226749267679209332e+01
1.439608726644734604e+00
-1.616548401748286778e+01
3.050026222592002068e+00
2.856205829836816701e+00
2.159734033402512576e+00
3.686269831215422954e+00
-2.393379927972257293e-01
-2.465046529868640590e+00
2.923365945013860490e+00
4.413752841657880843e+00
-1.537593863422819673e+01
-5.449621416202640845e+00
-6.668559963724316475e+00
-1.137143672318670751e+00
-2.147001474202344440e+01
-8.849767003588064895e+00
-1.508651231859356479e+01
3.872304471915954061e+00
-1.315666276228497544e+01
-5.113210144440178517e+00
-4.749579888947893735e+00
8.196503851131366147e+00
-9.698921036482879288e+00
8.906377896522400306e+00
-6.039810477364927266e+00
-8.368567117408574063e+00
2.950597348349592863e+00
4.252710414627068225e+00
-1.248229783779428637e+01
-8.876401449670218824e+00
7.857427672453902723e+00
5.274307144901986710e+00
-1.767842984147924312e+01
2.329962898881686506e+00
8.691241764094135291e+00
2.828742576907871786e+00
1.991608646721941600e+00
-8.410614501435979662e+00
-7.529783073905391255e+00
-1.254107873312867660e+01
-6.888964250384900012e+00
-8.165952606470716191e+00
5.462633672985751865e+00
2.550826882110487137e+00
4.492323388657888827e+00
-5.099085906711525951e+00
3.167828326652303961e+00
3.983551877057653456e+00
-1.716888218416399425e+01
-2.477111748847718786e+01
-6.182705003712826830e+00
-7.582933802050791705e+00
3.639598267961111411e+00
-6.612413840599593584e+00
-1.184006083630930384e+01
3.749621506783678448e+00
-1.710254715609991649e+01
-1.502557556521353277e+01
-7.511772016595308799e+00
-5.461673357532088602e+00
-7.483154632696580322e+00
-4.845245767335756071e+00
-2.499571045338448150e-01
-1.519779044513503585e+01
-1.611881769205370674e+01
-3.825685909555889275e-01
-1.328604725794833108e+01
-1.104758421697309423e+01
1.032480289503216042e+01
3.682059394150486664e+00
6.334190044592864943e+00
-2.063717368040108191e+00
5.846486266300515489e+00
4.224279184254428055e-01
-1.548379374860034119e+01
-2.067037594384654042e+01
7.948262475770965230e-01
5.931868500083696816e+00
-4.273272419937799604e+00
4.226812039514079800e+00
3.150727359662255811e+00
-6.010095773363996585e+00
-3.490551054889001303e+00
4.666103717786584504e+00
3.737954450743835810e+00
-2.256957924837431406e+00
-1.476317427443794550e+01
-8.238750834017423585e+00
2.828917496283075206e+00
-5.481296432242626970e+00
-9.440410915187015917e+00
-4.644351836492651486e+00
-4.219573105295794657e-01
3.542884115467824113e+00
-2.073455868401727642e+01
8.592718049689786142e+00
-1.071466531235745201e+01
8.859098439950511050e+00
-7.187231255656939766e+00
5.764766309559987256e+00
4.027579152200729595e+00
-8.491453496898830888e-01
-2.461661171830519024e+00
2.761865148376929202e+00
5.183642133635729010e+00
-1.112454920496742083e+01
-1.662454449371513121e+01
-6.108644878642413900e+00
-2.619912244162290627e+00
-1.294400644335851247e+01
-6.375242106629614547e+00
-2.558923684347037764e+00
-5.122033176394736209e+00
7.643863013195137057e+00
-8.875364697020938110e+00
7.228903107337956158e+00
-1.522380664276917273e+01
3.946612843661448711e+00
-7.498140750116103703e+00
5.559175990317664962e+00
-5.067769655996985811e+00
-8.238991000342517523e+00
-4.392750049513094446e+00
-1.386202229579234846e+01
-2.012619726369447193e+01
-1.686850113554831054e+01
4.708500853597178626e+00
-1.815057777418573604e-01
-6.996240699364189908e+00
-2.935915444945862429e+00
-7.522410377621453037e+00
4.938364215110656374e+00
9.438249498738931820e+00
4.719971855691885487e+00
-1.358210348578469606e+01
2.032582124414834546e-01
6.122656827727939621e+00
-1.186475161934278511e+01
-1.935488664708922713e+01
-7.939498242811653839e+00
9.579303361624281976e+00
-1.403425571154707896e+01
-1.402007792213625414e+01
-6.475788665252392384e+00
-4.675122215167091255e+00
-2.142473661181634981e+01
-6.334146448555474151e+00
-1.333401326078098492e+01
5.395849117574723408e+00
-4.718030659134462290e+00
-8.246784994667569535e+00
-7.870533832254523077e+00
-8.596798354374664441e+00
1.121374297361020345e+00
4.220237617475201652e+00
-5.214303557720853632e+00
-1.387509797225827057e+01
4.875818626250122634e+00
4.018356416674398801e+00
7.367370142043372816e+00
-1.408545332745973155e+01
-2.897947308206236361e+00
3.352956586699511465e+00
-1.027315477719460546e+01
-1.316522849212011081e+01
-1.096575059000791441e+01
-1.314679449074937878e+01
-9.600365019028987978e-01
2.436516286745700643e+00
-6.147981402378688287e+00
-1.417644446209170184e+01
-6.903540479181504708e+00
-5.900792944273788976e+00
7.004915326974038514e+00
4.363725534385326732e+00
-1.050433258192732744e+01
-4.820185178987678398e+00
1.056157592494202824e+00
5.725794247293772621e+00
-5.672437830847200324e+00
-8.186438905981635372e+00
7.675679267516128945e+00
-1.110470008752569449e+01
2.167998277219171044e+00
-8.814395330438077991e+00
-7.124184710142696275e+00
-1.428149501998724524e+01
4.814826732583704860e+00
-1.074633476602554438e+01
-3.783344312946614330e-01
5.826243603479166033e+00
4.072732673779039025e+00
-6.674404006971152548e+00
7.287470105127122899e+00
9.695635518299623445e-01
-4.067399390361186917e+00
-9.680315866792755131e+00
-1.960939429483250862e+01
4.183599809221584032e+00
-3.920384009000897674e+00
-1.735265354951494032e+01
3.103748993277931856e+00
-1.197358176209399794e+01
2.796436084329651628e+00
-7.765246815121758850e+00
4.720798013553824113e-01
-3.387910727504775732e+00
3.351919687518108315e+00
4.973556090539754670e+00
5.190935882541144686e+00
-6.033433076770812420e+00
-5.880900917279808127e+00
5.255265682503702962e+00
-7.184438122795958392e+00
-1.504186858821415784e+00
-4.840895511424815112e+00
-1.278870169552712888e+01
-7.378698496519968231e+00
-3.087549740197466974e+00
5.166404470627420586e+00
5.625788838910873224e+00
-1.396485137862159664e+00
7.338237653096896906e+00
-6.229572270654633037e+00
-1.656034627253076152e+01
-6.123344442122854225e+00
-1.067113173732249010e+01
5.423951171868905519e+00
-1.229889563258496388e+01
-1.038718373199852074e+01
1.338134941216795104e+00
-1.313249778725220605e-02
-1.305427593740593828e+01
-3.256155474480546097e+00
6.220089883256847862e+00
2.770919686418560346e+00
-7.422747172648242575e+00
4.273667434466561943e+00
-5.075101617856492275e+00
3.470563641276168121e-01
3.434665340619942775e+00
4.046724623231585660e+00
-1.248242766059622433e+01
-2.282663077866638091e+01
4.317025483081580184e+00
3.543924210264996599e+00
-3.998486509799931810e+00
-1.541823749612354533e+01
-1.571998582743011852e+01
4.159393784959611318e-01
-1.469632226365561856e+01
4.503895562284493614e+00
-1.202804714486256188e+01
9.435220524186689328e-01
-6.256838584777806744e+00
-3.384826108212895424e+00
3.096420847368677620e+00
-1.732662678950616808e+01
-1.294986527051070446e+01
-8.837230175958975309e+00
-1.122934928926388132e+01
-6.396049965058666409e+00
-8.181046223050252308e+00
-1.863514500256980355e+01
-1.603545560901125810e+01
-1.112393929027445338e+01
-9.232455790880734980e+00
-7.170639569815875802e+00
-5.546339985597454891e+00
-6.543304608578505821e+00
-9.092087068160413565e+00
-2.873749420557837109e+00
-4.489795914851603342e+00
-3.568566733338794261e+00
5.675055528775090785e+00
5.513256832449831002e+00
-2.374869256290029984e+00
-1.550850884402310825e+01
4.864796521145215991e+00
8.620043946131103141e+00
4.211669156891868937e+00
8.542258248513107333e+00
-1.246373375339530964e+00
-9.623032384495214586e+00
-5.646275858668540204e-01
-1.412524724713402513e+01
4.630263188347314873e+00
5.720252724841857983e+00
-1.729457939944036582e+01
2.788960770319713234e+00
-1.277021312842479972e+01
-1.478843158121006773e+01
-7.244056984146409306e+00
2.279103344944618748e+00
5.600134113067242403e+00
-6.310772120514540617e+00
-1.044042541742397390e+01
3.024893468307860100e+00
-1.494099600655564863e+01
5.841545668823829862e-01
-1.179793449735366906e+01
-1.067493849246390702e+01
-1.871063879532930940e+01
6.205942576537902156e+00
2.605038459726430222e+00
6.528406349890408578e+00
-9.954526250327745629e+00
-1.487728138307309322e+01
-2.000758480922549509e+01
4.202165788269002000e+00
-1.115524157816638429e+01
-1.168142250035753271e+01
7.550294896652270715e+00
-3.445406698004935819e+00
1.228293035687310741e+00
1.272999838658169569e+00
-1.890139696649537626e+01
-3.315882341422975443e+00
5.812906236653759606e+00
-1.167873964078962423e+01
-1.200618779421059834e+01
4.097482069805821858e+00
2.422553624078695567e+00
-2.317228527452852571e+00
3.745204480021481430e+00
-1.060526874128659536e+01
5.638332944058184637e+00
6.326330716581981761e+00
-5.771095106249821249e+00
-6.058173854749354881e+00
-2.726348390183723325e+00
-9.931756911778153452e+00
-8.039252473708247138e+00
7.141475692058349090e+00
-8.168252574160819179e+00
-1.790214391719280584e+01
5.597246903001426022e-01
2.907064295687879163e+00
8.592720715641847917e+00
-1.518650773899844353e+01
-8.072904233310712385e+00
-2.303457212242517116e+01
4.226028079646019009e+00
-5.200112201051586780e+00
5.240559401198977341e+00
-1.213380195935531880e+01
-8.557937745703572574e+00
-4.584758242329924904e+00
5.615049075938439493e+00
-1.305090047907656192e+01
-1.131541179927550722e+01
-1.037868247465716820e+01
2.800217890371845098e+00
4.657165500310063710e-01
-1.353673751846080009e+01
-7.764226252324783140e+00
-2.325234261538113500e+01
-8.513913164066316597e+00
4.387073996191398706e+00
-1.321238927700832022e+01
-5.282382510864136904e+00
5.522448433117833844e+00
-4.110473439605298651e+00
-7.304979828186646706e+00
-1.953103689370558893e+00
-5.769727127511627529e+00
-4.517951384916057300e+00
3.887283700729335933e+00
7.704954790787811092e+00
3.859876863427207816e+00
8.240663558059226901e+00
-1.032500965734550080e+00
2.487168765656398328e+00
-1.602547723222718190e+01
-1.210584946976088361e+01
-1.770148249626886772e+00
-6.330798093192632869e+00
2.526353907934143717e+00
-1.355140563639846008e+01
2.751726399093201714e+00
-1.752124116053002822e+01
2.816811308055059193e+00
2.371355016112281611e+00
-1.631498985128013501e+00
7.588731514648229259e-01
-3.489727020776047350e+00
-1.733827096029979842e+01
4.752831543207749476e+00
-9.383605038820428845e+00
-1.411463283140837710e+01
-6.266753634867375133e+00
-6.871396122739176882e+00
4.260933208124859206e+00
-2.090033340137780726e+01
-1.218999667974358303e+01
5.643482347413044664e+00
-2.826963287699445271e+00
4.862784921315009612e+00
-1.256007074605231466e+01
9.724173332374846268e+00
-6.513399292460122503e+00
4.949754054560054684e+00
-1.179636470120098757e+01
-6.283314831382191379e+00
-1.284106006620735840e+01
7.601392465127788434e+00
4.699724751985455917e+00
-5.100196081851192886e+00
-1.684452758019512331e+01
-9.441467510494213400e+00
6.715532091661866154e+00
7.429381242833644095e+00
3.629198953086850699e-01
-1.324459474971724049e+01
7.732021991820725582e-01
-5.032776181977624219e+00
4.278083723477456246e+00
-2.369232523593444384e+01
-1.792681670077511669e+00
-1.286492487588177625e+01
-1.014209316133690741e+01
5.978986868809612609e+00
-5.035305128021501986e+00
-1.314985367645135916e+01
-1.754025767485167009e+01
-1.506548572128755659e+01
-7.525464340319947709e+00
-1.703345690559571324e+01
-3.182589150289950819e+00
-1.255786208122406578e+01
-1.039414451261392536e+01
-6.323174421767811637e+00
-8.450449909442372842e+00
-7.298132665025417687e+00
5.773764128314273769e+00
-1.891591008113585559e+01
-2.308017238021480466e+01
-8.184767527391964004e-01
-1.204503539428574754e+01
-1.378273841477507666e+01
-1.333602252692617540e+01
1.351308967593582100e+00
-8.669235988183691788e+00
-1.386016749745606091e+01
-5.907719303667386512e+00
-1.565379061571534969e+01
-1.239255977544978649e+01
-3.811381624394038603e+00
-9.820979967829243762e+00
-1.243967568134197954e+01
4.925393930604381687e+00
-5.653954885594932200e+00
-8.564411058662420473e+00
1.182390079148088136e+00
-5.799018432277707191e+00
-9.814691845028388428e+00
-1.637491093685162369e+01
-1.436202515124022661e+01
4.915680063105004827e+00
2.617010904899728985e+00
-7.431291131360983293e+00
2.444546348852249640e+00
-2.575758417357061347e+00
-1.214555834105006404e+01
5.346482831452479267e+00
-1.713824998734364868e+01
-1.738422207887068693e-01
-7.349412466915106634e+00
4.284452022872947907e+00
-4.655491708807479867e+00
-4.732212574939182126e+00
-9.472322722744165091e+00
-8.228155343891375040e+00
-3.162844952688223188e+00
-9.887534631416539099e+00
-1.117904233602083508e+01
-9.309132628209562554e+00
-1.088958220487658402e+01
3.593417558631123665e+00
6.923907950955655366e+00
5.548875212668778367e+00
-5.982181761700767764e-01
3.459445679943286667e+00
-7.763147628274924550e+00
-1.664241506181140862e+00
-7.794748345059318240e+00
-5.618595861127334778e+00
-6.911844432542870287e+00
-3.928342164536596570e+00
9.617205171455843526e+00
-2.955146609179766681e+00
-1.481978235850906067e+01
3.850942001007701343e+00
3.461228028624091291e+00
-8.092437391060219198e+00
4.564901919983750389e+00
-2.156629913410812804e+01
2.120786191748252336e-01
7.728719734887695481e+00
-4.645500874948090164e+00
2.904705822482290145e+00
-8.819362186417979643e+00
3.577134464973519723e+00
-5.893310504587761400e+00
-1.664718530481147951e+01
-5.904313528208424700e+00
-5.621033691256672737e-01
8.373252176437301131e+00
9.346875401927581706e+00
-1.722525462096605153e+01
-1.403105551972020137e+01
-1.144336811696731360e+01
2.365146380311323071e+00
1.018995487983855774e+01
3.467004990888493676e+00
-9.843455451371086795e+00
-6.359641048428279930e+00
-2.193953681479253603e+01
2.687811374712052892e+00
-1.804985206905379869e+01
2.596353116519052318e+00
-1.199814269201836403e+01
-1.238463198682304700e+01
-1.189390000599195218e+01
3.991817980422788459e+00
1.396500367174754453e-01
-9.505914065533143997e+00
-8.537947659886350849e+00
-1.447538775217103613e+01
5.635495841991924770e+00
4.603495229686352275e+00
3.681306824041999715e+00
-1.782708194150913172e+01
-3.675329916125898766e+00
-1.927340440082219830e+00
-1.020758067827223492e+01
-9.217362973808967297e+00
-1.699969403948595925e+01
-1.588388764930617825e+01
-8.052580776776025573e+00
1.987025657742185869e+00
-1.209732263211042458e+01
-2.182343375648056139e+00
-5.254187269743101574e+00
-1.217638557165574120e+01
5.830156587287221193e+00
-4.914324274448247820e+00
1.022260919696586390e+00
6.733407907647138479e+00
4.390928385710233250e+00
-1.870763851895538465e+01
-3.300014105165533174e+00
-9.533264817174666561e+00
-5.562643954264100410e-01
-1.088236720200688978e+01
4.882770076089948397e-02
6.075336541949319269e+00
-1.502728845149936099e+01
-1.059382160944290519e+01
-4.127364034620041089e+00
1.556794197242512112e+00
6.400122467682044736e+00
-2.327871633291911380e+00
-1.216242270708453255e+01
9.165929566749952961e-01
9.777590729015397386e-01
-1.365608734614232667e+01
-3.703731225141395189e+00
-2.119823874832169963e+01
-1.431859339692808852e+01
8.084900314382036157e+00
-1.637797055823200765e+01
-9.745819518818866101e+00
-7.228011560231363042e+00
-1.269291292774629554e+01
-1.318505762611339094e+01
-9.679548831899044359e+00
-1.403123340429827870e+01
-1.510834223888637196e+00
-9.731914524418893819e+00
-1.184779888278796633e+01
4.744996655320269596e+00
-1.755100976212870023e+01
-1.834857848017792747e+01
-1.231708413369015487e+00
-1.856050514876484092e+00
2.679996157030851034e+00
-6.194338547903333492e+00
-1.101689802753410419e+01
5.919503872507207998e-01
1.682908304079540507e+00
-9.091647142511519064e+00
-1.283926767414012460e+01
3.178650852547173944e+00
-2.882243861928874828e-01
-1.439641069445305099e+01
-5.130179654788110888e+00
-2.831898705113902626e+00
-1.221048775503476680e+00
4.392890334566876831e+00
-9.033512585679352114e+00
-8.511765185096701103e+00
-1.210468515193867445e+00
-6.064717115361533573e+00
-8.530377557142355016e+00
3.017032267619513153e+00
-2.117433977765330155e+00
-2.183738769665247759e+01
-1.368370690338768547e+01
8.169197495993563152e+00
-1.589085324664451626e+01
3.375806920257265364e+00
2.301952759836423112e+00
-9.187653524437905617e+00
-1.369764087309789247e+01
3.006679737717330880e+00
-7.262700106562057556e+00
8.610377373052735095e+00
-1.794144789251067706e+01
4.030485827378491592e+00
-1.378165368928566537e+01
-6.678905063173299794e+00
5.218394660799695606e-01
-2.550540662466514785e+00
-4.580317322492208021e+00
8.367558707482460889e+00
-1.825287025083143533e+01
-5.229937180020914900e-01
-1.740115608243839063e+01
-3.984568770649888347e-01
3.591310309930797473e+00
-1.191777898854124018e+01
-1.138900990911661104e+01
8.121104268349737865e+00
-3.681075189322332575e-01
1.326556653557389165e+00
6.564286787206949469e+00
-5.314679112163724906e-01
-9.370298777448630156e-01
2.032798790073220729e+00
-6.332827003098215890e+00
-1.073487523959261125e+01
-9.227131724110236632e+00
-1.457822335934952918e+01
4.931274994231545250e+00
-1.090068315702596813e+01
-1.986123082570698628e+01
3.889241214300132921e+00
4.957328332003579696e+00
-8.048337770042408579e+00
4.147122522201786232e+00
1.580546319015640355e+00
-2.021388654304956489e+01
-1.597337363748345496e+01
-5.280195314154604525e+00
-1.230870063496321620e+01
-1.174086920453127547e+01
-1.934117574959237018e+01
-9.376876905852295607e+00
-1.646123173204717105e+01
-1.717483942718305734e+00
-4.096783899495379799e+00
-9.214577960736784590e+00
-9.233543291310867929e+00
-1.055128211385477854e+00
-1.343724121900657131e+01
-5.259181780006757512e-01
1.146847521095625044e+00
-1.418534570420492535e+01
-2.128793784102404274e+01
6.848022073437491031e+00
-3.515636316317711341e+00
-1.327657568209574812e+01
5.845215435825565464e+00
6.757122027478932758e+00
4.561813974113024805e+00
4.971150023927446426e+00
3.400821526480410473e+00
5.779336643689061859e+00
8.666535988126989665e+00
-1.432451964401490052e+01
-3.090155561698848530e+00
-1.813407591869996338e+01
7.300728877923678972e+00
2.565329466873220721e-01
4.277303390140327899e+00
-1.314775380498862667e+01
-9.871017592116757555e+00
1.238013175777880504e+00
-1.199451923449807822e+01
2.691811696113643126e+00
-1.447655829660873295e+01
7.369071265593815312e+00
-1.267787856429849391e+01
7.016755953737704665e+00
5.401730975544674074e+00
5.111006323384724048e+00
-1.542795331932932079e+01
3.372362697713655155e+00
-1.619610469151493248e+01
4.855770563456723865e-01
-6.625508507332273034e+00
7.351079776581216585e+00
-1.051965351342275312e+01
-9.566185667708863249e+00
2.909124897351718086e+00
4.895423104028492567e+00
-1.118166606671876551e+01
5.814825796618629639e+00
-1.865190576460859972e+01
-7.408214359675424632e+00
1.068256405798224895e+00
-1.079944517767119194e+01
-1.126015336962566415e+01
-1.251552641272397537e+01
-1.307704925414552655e+01
1.702733467748820173e+00
-6.820161908490374181e+00
7.445116393017025658e+00
2.316114575484479410e+00
-1.072721217002915495e+01
-8.774196018257217844e+00
5.523616223513716506e+00
-6.185143146780376355e+00
-1.675419043902433103e+01
-7.860707785172713180e+00
8.974409573853273869e+00
3.800131553918009608e+00
4.938208233146858639e+00
-6.409980522858548468e+00
-3.783701601908715073e+00
-8.259774716417334517e+00
-8.540806021080658894e+00
-5.943346470701295736e+00
-1.180620928303734196e+01
1.419557120463743605e+00
2.126088359668916183e+00
4.377529991603839044e+00
-8.946615549835753356e+00
-9.429646743160935429e+00
-1.919157848099215524e+00
4.865300391412930914e+00
2.799089266874712045e+00
-1.341284542522127943e+01
-5.541790112205353669e-01
9.402582936273825354e+00
-1.722752276680452255e+01
4.627729615503150207e+00
1.092160892711320219e+00
3.880264540165205833e+00
3.101631466117352520e+00
-6.482033188402708035e+00
-1.697166186044281844e+01
-4.823595492852931876e+00
2.501292821177340198e+00
-1.600178057588514591e+01
-1.664441012862205360e+00
5.281806692976715567e+00
5.342871868017706305e+00
-5.086217651044574239e+00
-8.299748617116176064e-01
-1.017715603939549496e+01
-8.157749088124440107e+00
-7.841569636160987677e+00
-1.622792145804401542e+01
-9.882502824733318647e+00
7.350398855422411337e+00
-9.296708194844963913e+00
-2.628592866188337851e+01
-1.021265424740170680e+01
-4.147661916183038144e+00
-1.315691277794280190e+01
6.833591010367666030e+00
7.740786253676413153e+00
5.940294988708053836e+00
-2.617146284767889597e+01
-1.412148785691118036e+01
5.693861960081333606e+00
-5.240497190966556751e+00
-1.411386794022114621e+01
-6.175640743491848939e-02
6.664694710297183633e+00
-5.711253662577539636e+00
-9.048570532321498661e+00
2.357719186218029672e-01
-6.498168238098115168e+00
6.431498594936463142e+00
1.682490261130613396e+00
-6.125479261774676942e+00
5.915102217774343529e+00
1.548686493078121895e+00
-1.706642922289344710e+01
-7.871650002095437415e+00
7.984278890997412503e+00
-1.102958829834293297e+01
-7.958621761782134207e+00
-8.098656280537962715e+00
4.053906083389859916e+00
3.335485482904996246e+00
-9.927626320800479576e+00
-3.881167644215226975e+00
-6.438441061190386172e+00
-1.171599440646047263e+01
-5.314143071781256111e+00
-6.151873357518529151e-01
-6.706282260239188275e+00
-2.560207186844826177e-04
-3.435035509530941500e+00
-1.496358624472172671e+01
-5.028672097867955548e-01
-1.295099967830482512e+01
3.682553806760516135e+00
4.953964814070262790e+00
-3.577562623188909718e+00
-1.052538166886340498e+01
-1.196221893824615456e+01
9.382981752076336335e+00
5.194488951942079602e+00
-1.268684526771541599e+01
-5.254984546417454716e+00
-1.312056643479766294e+01
-1.341828157450273018e+01
-1.680547417463488458e+01
-7.633045718959067472e+00
-4.134867310105831528e+00
8.487640424048425558e+00
-1.326379169351687004e+01
3.228180481596067963e+00
4.431701655511219862e+00
-1.036214970542583025e+01
6.972946237630728739e+00
-1.512687792179102608e+01
7.084930416548034238e+00
-5.846176762294090778e+00
3.178381910355160489e+00
2.493795887824587609e+00
9.626626628484734605e-01
9.772493274034674826e+00
-8.962700058022680105e-01
4.547220110892551403e+00
-1.579717809696575692e+01
1.575509248538305984e+00
-9.662606256857255715e+00
9.579777487324619756e+00
-4.139720638786085871e+00
2.964227857948050993e+00
-3.037724415891328800e+00
-1.751787388323604944e+01
-1.670599489413273275e+01
-2.051901487163286575e+01
2.136799154012282376e+00
8.669239570650510984e+00
-3.954378454677524579e-01
6.664371423360002211e+00
7.269078219763254189e+00
-4.350047157051445623e+00
-9.652297277830639288e+00
-1.425359156194867971e+01
3.534936638111531693e+00
-1.459910577318355784e+01
-8.944797805910507549e+00
-6.134114894561239595e+00
-3.242210346178592495e+00
-1.542634877791313563e+01
-6.830831023298010729e-01
-7.420180728024749151e+00
-6.525141676276978941e+00
-1.298179924268193730e+01
-1.559706071266694805e+00
9.115842955741875198e-01
9.017358526366981986e-01
4.631824815139682916e-01
5.484933249073537631e+00
-1.162157683199544600e+01
3.873640656465614729e+00
-7.027591420236395159e+00
4.716709937304128353e+00
1.840122909791797046e+00
-5.439233910021074259e+00
-1.198447687354204660e+01
-1.426250510895201273e+01
3.055485873491385451e+00
-1.804486746424604604e+01
-1.869720553156153997e+01
1.753659225164925450e+00
-1.627314247353625731e+01
-1.152595556306519420e+01
-1.207570278802951513e+01
3.941688907512880924e+00
-1.765705605656621913e+01
1.109058131181787754e+00
2.869551914793321501e+00
-9.783175143098022275e+00
6.236808890968371877e+00
-2.094212185418260042e+00
4.322668587617912728e+00
-7.827804636586704667e+00
-1.690955031543921550e+01
-3.611598410382022006e+00
-4.155909927127650505e+00
-3.122340554670418378e+00
-3.509615397310595242e+00
8.206091808059619908e+00
-1.247088753483920698e+01
-9.539090593220835856e+00
6.756247707565809613e+00
-5.079752262961541476e+00
-1.140723606398921497e+01
-1.093580254826484577e+01
5.526459887208885036e+00
-7.134801617826508568e+00
-4.328786873832989102e+00
4.700578364809710585e+00
7.818319984230998054e-01
3.328088413529563638e+00
5.118293341679763797e-01
-1.556668399351972631e+01
-1.104180722482639432e+01
-1.788160275013224521e+01
4.664038182119918829e+00
4.383939872478221034e+00
-1.206324293702845907e+01
-6.788842256334558733e+00
-1.440933548788478902e+01
4.666941008112350353e+00
7.076674419971938690e+00
-8.065808176331945134e+00
-9.997401333339619001e+00
1.038724622374774587e+00
-1.585926185913188746e+01
-1.011270352224229718e+01
-3.851430714631466579e+00
-5.884407977919718036e+00
-1.869461749296322850e+01
5.136929044334533678e+00
6.789713078177335603e+00
-1.913356492312029999e+01
6.094674240807544052e+00
-1.111674694673949126e+01
-6.163161709083346373e+00
2.247553157205580021e+00
6.713766418922468837e+00
-1.732046344559649498e+01
-8.539706462676749155e+00
4.592175660390211966e+00
-6.294911174705463353e+00
-1.898109042466657570e+01
-6.541656907881592709e+00
3.507828962871249789e+00
-1.250448807149754238e+01
4.002564538476503841e+00
-5.662096589467603414e-01
-6.840080157487309798e+00
-1.556056164401852548e+01
1.388270735740399386e+00
-8.831901294136910607e+00
-1.332524054928844137e+01
-6.211366713065121559e+00
-3.423024806874056747e+00
-1.424252677934311606e+01
-7.700046679103436098e+00
-1.014446652792175385e+01
-5.859140549380160046e+00
5.504086053161928227e+00
-1.106853064150470445e+01
5.448467702955150926e+00
-1.768010574729242279e+01
9.846752196202361862e-01
4.512358960290301368e+00
8.122400859369241388e+00
-5.422079990317572040e+00
-1.241608364437566114e-01
6.855707759952944791e+00
-6.095202778978036307e+00
-5.553734264456340775e+00
-1.539888099954973022e+01
-1.046018493546707973e+01
-1.430003778143308146e+01
-2.471987098423433338e+01
-9.824604006023248459e+00
-1.136834946172219141e+01
7.257887912213512926e+00
-1.095084806079995055e+01
-1.527719704849056193e+01
5.215226540083345519e+00
9.364597015436501026e-01
-6.007061981986161037e+00
-4.467485148607021728e+00
4.121318287816864157e+00
-3.443394398896606035e+00
-6.663148429852486565e+00
-1.267752923132125886e+01
-1.406289600620602798e+01
-1.177014175567902043e+01
8.095375773858899393e+00
2.126845981876955172e+00
-1.687667675511951870e+01
-2.599357410197057572e+00
-4.945081678441010098e+00
-5.661870751231172783e+00
-1.272136638598352576e+00
2.510641223626982388e+00
-1.810102575124634328e+01
-6.694878461524605306e+00
5.209756464887095539e+00
-1.300846939558808835e+01
-4.391181871988147023e+00
-4.524611630770497328e+00
5.918870589619063871e+00
1.774557117297156372e+00
-4.917516885637392754e+00
-4.835405670216445628e+00
-2.257778218107078416e+01
-8.816757238927527496e+00
-8.779305617957371410e+00
-2.332653134698829334e+01
-1.727856855574473727e+01
-1.234593811158242538e+01
-4.959778581517676699e+00
-7.307691206126489369e+00
-3.408414696111249143e+00
-9.659655074252241347e-01
-1.054681460895855061e+01
-5.125167602944260103e+00
1.824119604608369638e+00
4.879042716969403948e+00
8.105058945734535669e+00
6.813094685989579347e+00
-4.673973412607482558e+00
-2.473221786393206045e+01
-1.752733151153087121e+01
-1.579313631256735917e+01
-1.017289811195704274e+01
4.274811481739102526e+00
-1.530008612039203975e+01
1.536720994532861484e+00
-1.121168786131926431e+01
-1.523371316938431796e+01
1.504649540241858485e+00
3.500429945549432098e+00
3.176525801055097631e+00
-1.022469436604850657e+01
6.765060807579064139e+00
-9.177026563654132829e+00
-2.710237751480553126e+00
-1.515419459953047721e+01
-2.220787839706233502e+00
-8.570152255037401190e+00
-1.176093350686739392e+01
-8.785781207993132114e+00
-7.604956671690801251e+00
4.866993356216281263e+00
-6.688620353472865432e+00
-8.085832440497798146e+00
-3.201476563370168282e+00
-1.508336683820489732e+01
6.634852728176066528e+00
-1.484203146699980103e+00
7.908977724311894164e+00
-4.067271162766620485e+00
1.501113421535879011e+00
-1.368122687072531107e+01
7.006461441364002951e+00
-3.756390391286417163e+00
5.290005440998724495e+00
-9.290287542687726940e+00
8.093036499037506104e+00
5.369986204750141212e+00
-6.145296337429063449e+00
4.948481596118857517e+00
-6.266999455512495487e+00
5.540394145996662800e+00
-1.068180369227987470e+01
-4.704318146449580240e+00
6.283300458932902011e+00
-8.032004904094607767e+00
-7.315473917811177174e+00
-1.747000957880617378e+01
-5.598460905985175984e+00
-9.840871289523674292e+00
-4.713366746180236433e+00
-3.622068664360308166e+00
-7.774213118566818181e+00
-6.105299054618626542e+00
-1.106069486910853605e+01
-4.126815530708596746e+00
1.998114337931384821e+00
-1.014756280719428183e+01
2.804063120955644806e+00
-1.612502120286516671e+01
-1.085477319802495799e+01
2.694699214767619644e+00
-1.022338684618982185e+01
1.932551356629863104e+00
2.866777514134015270e+00
-2.215119693813191049e+01
-6.491974035632904538e+00
-1.699125910923924820e+01
1.672521959955018733e+00
-3.913113633417650838e+00
2.510963992452328153e+00
-1.898509459030624313e+01
-1.008201410114451946e+01
-6.616177268181090199e+00
-1.174632698189951618e+01
-1.127481844835132563e+01
4.780779525846609701e+00
2.830279383750958555e+00
-4.517656568891289304e+00
4.128035402113828134e+00
-1.777824332571453070e+01
4.252654965589619529e+00
3.718187968926931930e+00
-1.470656514799254388e+01
-9.719193433163189511e+00
1.676019408739434224e+00
7.928854489425701146e+00
-1.601547754472858287e+01
-1.556606805120020809e+01
-1.554499010652885183e+01
4.969428534084597615e+00
7.245340956517669184e+00
-6.831730524671944416e+00
-2.417828652820715618e+01
-1.072965033840127980e+01
3.734430463232345954e+00
5.077877447652616283e+00
7.042897770843594252e+00
6.576592436144877318e+00
4.063619397510019660e+00
-1.312271655223852918e+01
-2.587659549541644211e+01
5.646806723057681943e+00
3.980758198949301274e+00
-9.368389224067545484e+00
2.374894485077347461e+00
-2.379663057554702732e+01
-1.036964479119251159e+01
-1.134218374614943947e+01
-1.351736361289525590e+01
-1.595669111509401539e+01
5.669827608624355975e+00
-6.887926098723647250e+00
-9.146883585921516513e+00
-1.094169416268794670e+01
-8.442699565931702566e+00
2.555413756943983206e+00
-1.107813104320790565e+01
-1.429182365197860172e+01
4.288964208114669496e+00
-9.388330941435640398e+00
-1.147295017432491182e+00
-1.718094050959108543e+01
-6.262693054180933139e+00
1.137132320576575673e+01
-1.295553045473508824e+01
-1.238507306023655907e+01
3.533968450604568989e+00
4.514449707515337806e+00
1.035615780216773985e+01
-6.870657277874849811e+00
-5.029302712598051617e-01
1.231981621545771510e+00
9.160025409033480948e-01
-1.582946176652814252e+01
7.258667713860643467e+00
-9.752797070436052707e+00
1.026216903813021020e+01
-5.179363953175803559e+00
-1.209916657059021183e+01
-7.562070795077571184e+00
-1.758232010571059334e+01
-3.134530115439550624e+00
-1.078415390321394973e+01
-1.356656717513296329e+01
-3.537944505755764024e-01
2.265417002711511696e+00
4.216660657630639797e+00
9.238515794926613012e+00
-1.281841187685637706e+01
3.598729080640057365e+00
3.140934785932995688e+00
-1.390584039456030396e+01
8.096164048760131848e+00
4.683005949035487170e+00
-3.969060505500302760e+00
-1.956711687970431868e+01
1.682771698004762229e+00
-5.150078382125100163e+00
-5.897756194256759121e-01
-5.695908256322546492e+00
-1.193810109574780043e+01
4.804104672240210760e+00
-1.179911384399768259e+01
-4.988953211907102947e+00
4.462403652308450375e-01
-9.966626269461686505e+00
5.302322167985555446e+00
5.539623192674904217e+00
-6.656781824160850292e+00
1.031741428401435678e+00
6.080367744812154918e+00
-1.240688661083745092e+00
-1.083969556856446204e+01
-1.826151070500405638e+01
-5.730762242661707973e+00
-9.019783325695463816e+00
-1.811999040783250692e+01
7.627760018897454586e+00
3.552330702209471891e-01
-4.578736673045934680e+00
-9.325958824741281461e+00
3.999187434442415423e+00
4.753003662589536660e+00
-2.271833273837982059e+00
-4.486497525342774573e+00
-1.341627365663286930e+01
-1.600038805337832315e+01
5.719041712693139878e+00
-1.818219782378730542e+01
5.406973819774651968e-01
2.614461760962449866e-01
-1.096256470584554421e+01
-1.845995354360744756e+01
-1.236799336631567847e+01
-5.936153375715172764e+00
-1.265062076722143658e+01
-1.623744964710878591e+01
-5.149004848023576386e+00
1.790027505414395703e+00
3.748340186229212279e+00
3.078841830705808302e+00
-8.331564775959606095e+00
5.159621837405155009e-01
2.705672573052543828e-01
-7.317831668175261761e+00
-5.182305810585154049e+00
-6.155346739085151953e+00
-1.055964735986576031e+01
-1.941182981554521447e+01
-2.151125081672438455e+01
5.024364029989500935e+00
5.395118738108756418e+00
2.859783835613041170e-01
-6.665537229264420382e+00
-6.957185547544610493e+00
6.722792724358263250e+00
3.127788104099133548e+00
-1.111057052557340086e+01
-1.469597917330950132e+01
-1.055222530431871419e+01
4.442657210576737015e+00
-2.802480154649692778e+01
-5.626312546794087766e+00
-3.032415702376614064e+00
3.478222086016894199e+00
7.805253594767744829e+00
-2.180104152253711236e-01
-8.893069736164600059e+00
2.081155303233899190e+00
5.909943129738908674e+00
-2.426266145146441122e+00
-1.854452939257243571e+01
-8.709848104829291060e+00
-1.740204965319161445e+01
-6.089497358467020893e-01
3.702114645872086385e+00
-1.084966466378748962e+01
4.353028752255256428e+00
5.090361772925390049e+00
-1.584922005546810730e+00
3.558250812191965817e+00
9.894214482458378868e-01
-5.050783194436916368e+00
-7.492960005615030283e+00
-2.634645855277497173e+00
-1.603139248723679700e+01
-9.310936727220251896e+00
-9.924267200985180892e+00
3.740769655585191256e+00
-9.936281404864837796e+00
-1.258285933001221402e+01
8.086152832678822344e-01
-1.255088282930887722e+01
-4.620706876937476615e+00
-8.413737657955513427e+00
2.333229405394638079e+00
-1.298397687193810768e+00
5.141663343258848329e+00
-1.739147832626086077e+00
-1.011063249784392504e+01
-2.629244466774453226e+00
4.828193620999004843e+00
-3.763830724825466767e+00
-5.692164648008541050e+00
-5.323624820873337882e+00
-6.030890967114659773e+00
-8.528503246769508550e+00
7.086209494529464692e+00
-1.119944691123922276e+01
-5.900214199144477867e+00
-1.627053447652113150e+01
6.823480250895328503e+00
-1.142101227309759715e+01
3.589975624733305448e+00
-5.197226257174410335e+00
-2.948638503285675672e+00
-1.507119674060429482e+01
-9.993695932925225733e+00
-8.246355933918710690e+00
5.607155996239652357e-02
-1.571931924305730810e+01
5.169985795850429611e+00
-2.716155846290833509e+00
2.225961942313137154e+00
1.054933868152551302e+00
-2.035544441334453580e+01
-3.741702603270287142e+00
-4.352147654133442067e+00
-4.337161113066715146e+00
-1.156449782773109014e+01
3.184090443618704303e+00
6.751784991737777020e+00
-1.153283111884894474e+01
-9.320344029441665512e+00
-1.303466016959535523e+01
-1.507368465620111486e+01
-1.476835982560089455e+01
2.475300113065103336e+00
4.372054732969876234e+00
-1.861754232811793841e+01
5.862960777690944703e+00
4.001564342801056995e+00
-1.133098609754042663e+01
-1.912345063066864270e+01
6.791274559241972097e-02
-1.559843659154376283e+01
5.294450258157486822e+00
-7.744336005663665645e+00
4.088841247499701126e+00
5.058768581051305446e+00
-4.620350482410882087e+00
6.611710943624908410e+00
-1.384703499459446263e+01
-2.017374028542121067e+01
-5.789481812120775395e+00
-1.035574929206447692e+01
1.891214939798897765e+00
-1.390637114863919166e+01
-2.780765124433158064e+01
-4.246088253162266568e+00
5.109101024230831456e+00
3.101285214103477017e+00
4.415328478960440783e+00
-6.241305242869228387e+00
2.639979433606851611e-01
-2.630240678439060176e+00
-2.009125735088695208e+01
7.506582040958503121e+00
-1.104562899308655766e+01
-4.565041065926579655e+00
-1.079738760840171841e+00
2.586357738870361800e+00
-1.621369181475165178e+01
6.118400115553366270e+00
7.226951323484488432e-01
-8.227132032651777394e+00
-1.466030383274245885e+01
-7.026740068697737485e+00
-7.243408766061086190e+00
-4.089374810515217895e+00
5.030197798994778147e+00
6.663097311213603824e+00
-1.273133102013930440e+01
-1.238558586424970187e+01
-2.386786011019914611e+01
-1.532194110053280944e+01
2.480998667905687238e+00
-4.990511353516951409e+00
-9.026072939502153503e+00
-1.213680330109310113e+01
-4.906329283479490044e+00
-3.042673147122711086e+00
4.050262477185676779e+00
-5.658190497714029377e+00
-3.103216448888107770e+00
3.790188048125543663e+00
5.297127295302327177e+00
-5.727954748113761596e+00
-1.324014428028181634e+01
-2.218965595214362096e+01
-9.449419065275638019e+00
-2.174940589247640688e+01
-1.251831401122247023e+01
-1.246151450707303354e+01
4.282220722058276863e+00
3.963439950054880700e+00
-1.405173623904124547e+01
-2.287122587917163230e+01
-1.267350931620761756e+01
6.437554486969855327e-01
5.996506808494616259e+00
4.996274170231755463e+00
-8.984100877948440811e+00
-5.668630795065616290e+00
-1.806401999580418416e-01
-3.401498524540810031e+00
-1.917026846996676026e+00
5.712300421659334049e+00
-8.188048499444791517e+00
-1.488826046786861212e+01
-3.927443580018326497e+00
-4.706811913100310107e+00
2.289662084704780387e+00
-6.299781865294904470e+00
-1.158321703209286113e+01
-2.387403202884934572e+00
5.129424477617472000e+00
6.895224760017564236e+00
-1.298292673576990985e+01
2.298772966908456894e+00
-1.376768063227710392e+01
-1.457708925602243610e+01
9.502159607954926202e+00
-7.742990902891747851e+00
-2.002937572753632622e+01
-7.625606146814853048e+00
-3.743146069243828755e+00
5.252808610344286144e+00
8.491345400303265123e+00
-1.068930331446202331e+01
-1.231805486508289427e+01
-1.098776363023155156e+01
1.363064765793656896e+01
-1.223288567628518919e+01
2.830551786347443421e+00
3.972355013613970254e+00
-7.593958265113553985e+00
5.719195855861236133e+00
-1.784692948219300490e+01
-1.248024575312731876e+01
-1.404683408061550842e-01
-1.002037389588831573e+01
-8.508667588796855696e+00
-4.821196338428293870e+00
-2.249351270732850239e+01
-9.774225420487876903e+00
1.001103561922995100e+00
-5.300188175897697640e+00
7.099636525118918406e+00
3.810187288171762887e+00
-1.573607438005678372e+00
1.040511624428640935e+01
-6.655187913735819194e+00
-1.915546885609906980e+01
-5.201098424990165114e-02
-1.641939107143185916e+00
1.610327645595475587e+00
-9.120490551092352405e+00
-4.779211578599509735e+00
-1.960467714603773715e+01
-1.096541077646151408e+01
4.546776844387482086e+00
-1.281766696212599754e+01
-3.091008550228361962e+00
-1.989476658277191135e+01
-1.041874404208281923e+01
5.825097098793944994e+00
-5.703809349241144577e-01
-6.110616963275684599e-01
4.223779774152503386e+00
-1.908432509463125015e+01
-5.762130910169577014e+00
4.931837087801643094e+00
-1.276553621530970872e+01
4.537662807018604916e+00
-9.394379843792284301e-01
5.572772572693325266e+00
-5.840977790792272195e+00
-1.040993917406648350e+01
-1.076394872874905495e+01
-1.208102515096093832e+01
-7.478683703655681470e+00
-1.514380378251525627e+01
-1.572290783809252801e+01
7.698142895386789419e+00
-3.613218806472300759e+00
-1.854857563320973179e+00
-2.475179937220879012e+01
-4.821441753615594017e-01
3.343162110355500705e+00
-1.041695341343690195e+01
-2.996178101496028479e+00
-2.513889425918457832e+01
4.907004368918058468e+00
-1.777463533424258912e+01
6.984588079224119284e+00
-2.495772045954378182e+00
-1.163498027629344911e+01
-1.460172638497111208e+01
-2.135749172939205920e+01
-5.317419102539034270e+00
2.057977711915346841e+00
4.661475009268686520e+00
-1.081963821443877016e+01
7.411556612489787810e+00
-1.545590447192877370e+01
-1.462522942310133089e+01
-6.961500919096451412e+00
-2.322247024126422588e+01
-1.118452334192708841e-01
-1.261238922053408373e+01
-7.030455587051190669e+00
-1.258515738731210654e+01
-1.385984504622674685e+01
3.929757841400037144e+00
-1.085722960044680185e+01
3.990837911923270087e-03
-2.094925647257515422e+01
9.803439897007093506e+00
3.511435544656618113e+00
-1.238901692770510010e+01
2.858420539347554801e+00
9.238363950316789974e-03
7.306320555594396637e-01
-1.041046170202353238e+01
1.615764543603959380e+00
-7.423085666657966541e+00
-1.897217859711632215e+01
-9.908847580579509540e+00
1.246213901391792866e+01
-5.811597226924637205e+00
-1.550329068480927219e+00
4.604795497066202614e+00
-1.045783702504687795e+01
-1.258521089205599708e+01
-5.883809569338735557e+00
6.957013645346976638e+00
-8.032722990259140161e+00
-1.412547711773089532e+01
5.945960597341385601e+00
1.842788899335136454e+00
9.493292009148774468e+00
-1.252605244235081194e+01
-1.515811938369903800e+01
-6.816727749006417092e+00
-1.020416083271811480e+01
4.786135572351317258e+00
-1.105434346390362599e+01
-5.741119017714796158e+00
6.870449815460363929e+00
-2.103566542036075759e+01
-1.033294730363514269e+01
2.623077761662599983e+00
8.682184138369043680e+00
-4.776063236388231381e+00
-1.583064982176111890e+01
8.565751082859899057e+00
-1.649166056880583753e+01
-8.988919771331142172e+00
7.103943088079910595e+00
-4.865875307249362791e+00
-1.319202265096729931e+01
6.740839533926604510e+00
-1.549089126754538581e+00
6.321666220235401923e+00
-9.166892752607216366e+00
-2.222637465662226930e+01
-8.278774308736503329e+00
-1.145223651652727703e+01
9.993170894258780024e+00
-4.104887231913027179e+00
-5.666157162330831554e+00
-1.009228771450837314e+01
-1.471945718557853766e+01
-1.607125526125384596e+01
-1.196835804525851898e+01
-1.197328102724135412e+01
-6.586168325219682096e+00
7.424123942538908949e+00
-6.789522205424350254e+00
-8.097190974519712370e+00
1.632798196998042073e+00
-1.556844346401747625e+00
-3.927443766115700008e+00
5.438935033773415029e+00
-3.594986127658811537e+00
-5.902010650827412164e+00
-7.454505842593512455e+00
-1.600288980334696731e+01
-7.857889270676335691e+00
7.163295864749263941e+00
9.752953392006848077e+00
-1.951830847540612268e+01
-5.574860132520997880e+00
-1.028269442841778947e+01
9.338517096943983020e+00
-4.889206556700227857e+00
-1.170631661385267108e+01
2.653362036093903864e+00
-2.175033034631240625e+01
-2.883352941545160864e+00
4.299706899665427073e+00
-4.077178731833052794e+00
4.282618792656267992e+00
-7.639212901440137315e+00
-1.294643175427237658e+01
-2.189992476720189529e+01
-1.900247183871858869e+00
-6.969755775754697957e+00
-7.904791445787521020e+00
6.507503206742621948e+00
8.235050930548148962e-01
-8.479674261612563768e+00
-4.099470089413427942e+00
-9.837580559178928041e+00
-7.489972956079306243e+00
-1.873882756876102462e+01
-8.474787171041141320e+00
-8.069038202341195287e+00
-2.086682622432364909e+01
-5.715699274299468335e+00
-3.996652950948769600e+00
-1.969384552921209508e+00
-5.404368035536911030e+00
4.072695771096315198e-01
-5.522865089785775616e+00
-2.041929096691908541e+01
5.872499349864622076e+00
-1.451335544092997765e+01
6.931546432485826692e+00
1.040486821534441608e+00
-1.376021019504394438e+01
-1.457106959299279048e+01
-1.384753439226534866e+01
-1.545159579987559262e+01
-8.125161026603393566e+00
-1.463039056188014886e+00
9.022173806967650478e+00
7.092560120224775666e+00
3.429169619074591946e+00
-1.115864431385298872e+01
1.037718613596835304e+01
-1.263192730477901726e+01
-8.005451520906495588e+00
-1.197213450020378467e+01
-1.562451752587504927e+01
-1.320263675057029040e+01
-2.168241904811230469e+00
-2.133036521578869937e+01
-1.975309552452716488e+01
-2.341509068843915298e+00
4.547378590982257940e+00
-1.051167809226983962e+01
-1.052315968076262109e+01
-1.846025364099718047e+01
7.020535935912593395e+00
3.698250799777446751e+00
7.612567421825198188e-01
-5.962475127197621738e+00
7.247785218800044227e+00
-4.279370266567800840e+00
-1.094263960832005012e+01
-9.193434779570592852e+00
-1.063931121955488379e+01
-1.090354991480129065e+01
9.815094884549621312e+00
5.148669562358481500e+00
-2.318168157634660442e+00
-9.602365999103341210e+00
-1.783292269629699334e+01
-1.451402984985630340e+01
-3.036973582539832961e+00
3.597891998791176160e-01
-6.951645491641702534e+00
-2.183082233436733688e+00
-6.374796580859678485e+00
-1.134221024790542032e+01
7.043438063072306576e+00
-4.338605065324117049e+00
-7.393262847711274510e+00
-4.995705158791775347e+00
3.189383002340766549e+00
-1.316669110338297699e+00
-1.032259432440821989e+01
9.077862999953616452e+00
-9.150779325794072605e+00
-1.598546560269813810e+01
-9.263890002783520927e+00
-3.694160358796883425e+00
-4.529276606746179823e+00
5.454896531195597476e+00
5.642312132498693344e+00
2.795728973769203929e+00
-7.342694380775878216e-01
6.139478437224000551e+00
-1.193538036723049167e+01
6.250380035888690067e+00
3.965951759561039958e-01
-3.662381376313603720e+00
5.808025321793398810e+00
-9.016429126083798096e+00
-9.288976268761597765e+00
2.858708193779126439e-01
-1.341466739591631985e+01
4.822693372865260564e+00
-3.777929555086603219e+00
-2.184570207734731540e+01
-7.329456629210032048e+00
-2.517015621902750411e+00
-1.350365830656479460e+01
5.314459093584151361e+00
-1.762751395258011300e+01
-6.377194983227313152e+00
-9.257408508693275806e+00
3.482796628341230605e+00
-4.873515972851916622e+00
-3.168729499144828043e+00
8.250953984625875037e+00
-4.501924210612579635e+00
1.842110649468375660e+00
3.171611199188049124e+00
3.516384807707711335e+00
-2.093711027034949268e+01
6.320294268020844042e-01
-1.696257584439111454e+01
6.700800341409005156e+00
-5.764043535551810926e+00
-9.630250521528799013e+00
-1.075322628061543995e+01
-8.450110001312086894e+00
-8.753451842229615920e-01
-5.776573876594065737e+00
9.344834434318437744e+00
5.438922268163111973e+00
-8.750111097832210527e-01
-7.299533787407762375e+00
-6.407398858199419678e+00
-5.003089499427272102e+00
6.108984584277265206e+00
-5.785372150692356996e+00
6.326181839415124131e+00
-8.793595434777904174e+00
-2.311060106574463369e+00
-3.828593461385469965e+00
-6.614517368998876101e+00
-5.175158407602973298e+00
-1.075767629206968756e+01
-7.115576471604993181e+00
-1.267538375275206519e+01
2.636153339680346264e+00
-5.128498523904896800e+00
-9.842202946315087075e+00
2.236402479172624691e+00
-2.180963570692475914e-02
-1.782126741919674373e+01
-1.133349851536882191e+01
3.562132037272987883e+00
5.634383932524579031e+00
7.779653675754704345e+00
-5.238222091102817224e+00
-1.134395373905335802e+01
-9.893738425314060336e+00
9.621770775718694324e+00
3.483982134530218211e+00
-1.097278814551579806e+01
2.582358319050450213e+00
-1.469337280034985760e+01
3.988594435295439222e+00
-2.590092931270264387e+01
-1.332916904294041771e+01
-2.866432435426164549e+00
3.944079151961976226e+00
-9.573337347113145768e+00
-4.005461561848711605e-01
6.228712861813123780e+00
6.093016019721857468e+00
1.522956240340935796e+00
8.020317963415886098e+00
1.572184585082157637e+00
-6.293051900007758936e-01
-4.471564067761656602e+00
3.770359540872726622e+00
3.492736980488683418e+00
5.723652692610192716e+00
-1.240224741914413009e+01
-8.292328505841426889e+00
-2.582248123143694229e+01
-2.065806944373053611e+01
-3.038106430517434120e+00
-2.447157918796755371e+00
-4.328131359485945517e-01
-9.066977260791651005e+00
-2.251108057902650827e+01
-6.712448993974919453e+00
-1.144959382687504146e+01
-8.891559750784569616e+00
8.654774767431300475e+00
-5.583249189581555250e+00
-7.929349310321552657e+00
-1.524167368491828789e+01
-1.793220971160947741e+01
-9.532820894837124470e+00
-9.500966854288911634e+00
-1.348515751572133503e+01
-2.243491537369339284e+01
1.094274659770554825e+00
-1.586562936721191974e+01
-1.810280801901683745e+01
6.221806324356120577e+00
-8.514734942341293689e+00
-3.812975513751696077e+00
-4.224937770447417584e+00
-8.951211606703962431e+00
-1.992085308599126137e+01
4.625630837275716445e+00
-1.341519632295155340e+01
1.736038288108225025e+00
-1.668171273542261090e+01
-1.390897305229079173e+01
-2.214427726715964795e+01
-2.223066016609843842e+01
7.819042049538033057e-01
-2.756625834066337433e+00
-1.261022746322965560e+01
-2.129933877144726395e+01
4.931178582151828138e+00
7.278151394033506527e+00
-2.898441635781317416e+00
7.059997722212806970e+00
-1.009190976180798893e+00
-6.291854783899665016e+00
5.008383808364210488e+00
-3.664581844187990267e+00
-1.290859084791787659e+01
6.421130320605921149e+00
-1.161676869414884017e+01
-1.269692472794121585e+01
1.376749822839738735e-01
6.540319034817848376e+00
-5.141641347214631175e+00
-1.013232668713533435e+01
3.443306378453023342e+00
-9.248889348063752180e+00
5.175388726280195861e+00
-2.196657830124609578e+00
-9.781673177244094575e+00
-7.872731851091266719e+00
-1.656538821673857598e+01
4.538108914667654759e+00
-7.833135080342773726e+00
-1.082137039304112847e+01
6.385078073727434855e+00
4.593462841396151575e+00
3.129741626048813785e+00
-1.648495960925513160e+01
-1.231950599822757653e+01
7.559673691972959020e+00
-4.925598334844841553e+00
6.172652914799458657e+00
5.135734473262950850e+00
-1.265540335262345728e+01
6.623509193700618525e+00
6.093088332903236370e+00
5.533411037411134714e+00
7.764495927555635113e+00
3.030449360962224947e+00
-2.047522661372196850e+00
-5.804051732377921269e+00
-1.067125198238258754e+01
-1.923060560829485066e+00
-2.053067712826496205e+01
-8.366810539473226171e+00
-7.675493421755103185e+00
4.117433552316442480e+00
-9.842189202568954798e+00
3.764470096321136605e+00
-3.836453248439552599e+00
5.190470473036945087e+00
-9.605576718984901063e+00
-2.395028183449427583e+00
-1.821255026966355217e+01
-1.444531168223410988e+00
2.702539321924817273e+00
-1.694185846997043754e+01
-2.180125246841320674e+01
-2.794822398841882105e+00
-3.344856571781639865e+00
-4.718971925526297184e+00
-3.612231481088565399e+00
-8.627549765929495962e+00
-1.258601193814382313e+01
-1.784202266120212599e+01
4.003601529391169755e+00
-2.982492415336495117e+00
1.522308078656176678e+00
7.239171653800196893e+00
-4.460323698681447624e+00
1.524519856101551163e+00
-8.498485784724385539e+00
-2.023620627890052859e+01
6.195368502555783863e+00
4.591956129919233298e+00
-1.548212300435656275e+01
-1.776602812673688803e+01
-1.249781728718953033e+01
-8.506246244769743114e+00
2.177708428216162062e+00
-8.370953824299407486e+00
-2.511766081414622764e+00
-6.395610836674582522e+00
-6.103719498974318203e-01
-6.203899048660771243e+00
-1.406937419219330643e+01
-1.549971248985000827e+00
-5.816410056659297112e+00
3.295156430141240822e+00
5.085668915597471695e+00
-1.872854897213296566e+00
-1.479946579330329470e+01
-6.528420755518673069e+00
-5.137226803554921339e+00
-1.563263096139479380e+01
6.359022487399289325e+00
-7.876361429427224614e+00
-1.821570519459248771e+01
-9.865409898713000558e+00
-1.172386110745842913e+01
-7.192314446426396835e+00
-1.317220820494761035e+01
-6.582757920278581310e+00
8.952322748766096794e+00
5.592466335835879043e+00
3.433978494482471611e+00
5.823990203131947929e+00
-1.229291545714867695e+01
7.391330387388617140e+00
-1.755819997792877984e+01
-1.718565978750194123e+00
8.355111244005215099e+00
-8.138181315394676929e+00
-7.111620053955819643e+00
-1.888812442232662292e+01
-1.473584043097784324e+01
-4.500464837565131937e+00
3.160172342877511920e+00
-1.921089209576532042e+01
-1.411773949978103682e+00
-4.494170813629376759e+00
4.884421437462106219e+00
-1.633351178952184179e+00
-1.096409467705961305e+01
5.664365492396507662e+00
-7.362627793180392288e+00
-5.143087680127008676e-01
-5.863460832615170482e+00
-1.044744045381994901e+01
5.462142813118023632e+00
-1.492098613456663792e+01
-5.532024643599270597e+00
-5.027197367813297291e+00
3.887439014168081908e+00
-5.935096508131162629e+00
-9.294812140441521819e+00
3.687542448351535107e+00
-2.633275654621124673e+00
-1.445665522631411548e+01
-1.393065573645318800e+01
-1.166984486028779955e+01
-1.416233848462566769e+01
-1.282533335604232860e+01
6.546620627569406992e+00
-9.694636472396961580e+00
-9.769725553217160297e+00
2.062665033168151307e+00
-9.353752633197775168e+00
-1.656801046979389236e+00
-4.728513348906905556e+00
-1.020865852617469294e+01
-5.858532026184538388e+00
-1.988703592525478214e+01
-7.849842912047476418e+00
-1.332508694536226734e+01
4.504673578585876470e+00
-9.425377549165943947e+00
-9.187442504939637544e+00
-1.574306168702317521e+01
4.335874888061932886e+00
-1.297865757970222411e+01
4.381675872885740120e+00
-9.565894944152958601e+00
-1.768881530887902898e+01
-7.764154355762050486e+00
-1.138203380113654362e+01
-5.261761719750236210e+00
-1.705969891471782063e+01
-8.868887811200430349e+00
-8.644282126556770418e-01
-7.898706124392782968e+00
-4.931358796452616211e+00
5.199604017614647411e+00
5.568590629081700882e+00
-6.355987677008435810e+00
-4.746549892488311606e+00
-6.873285291856499946e+00
6.587631775550916835e+00
-4.465992289098290158e+00
-3.999235669686315386e+00
4.666060758765614658e+00
-7.928030735508437843e+00
-1.467230126743281104e+01
-1.310486104048541556e+01
3.089798767862046436e+00
4.389815525526643114e+00
3.265664093208655139e+00
5.565327209241711870e+00
-7.741938773742604418e+00
-1.445627418026837674e+01
2.689499258954113792e+00
-6.797231934862425717e+00
5.375145093532533558e+00
3.932442719459083857e+00
8.032398911193158852e+00
3.109775034213056344e+00
6.884144281728088011e+00
-3.075661716481783645e-02
-1.979457950724163595e+01
-1.146775106734265215e+01
-1.236166959943967569e+01
4.602227178161388821e+00
-3.535363166731184226e+00
-2.882352289534952927e+00
2.580165136167372975e+00
2.581506190927850053e+00
2.514591463878683264e+00
2.040159930365262664e+00
-7.812148421761230921e+00
-8.220563509993517926e+00
3.795598332404729103e+00
-1.074477047457475898e+01
6.844573476879453722e+00
9.321827038418991407e+00
4.690354341045420483e+00
5.757543565543197239e-01
-1.214066913605588027e+01
1.907481616943249803e+00
-5.875260822749629241e+00
4.467537227518367793e+00
-1.123605950030558276e+01
-2.105068411161806807e+01
-6.665801367194609250e-01
-4.950662511633496798e+00
-1.038317769224953402e+01
-1.813566239373270150e+01
-5.541807798938524598e+00
-1.948258934339807524e+01
6.474172783862417013e+00
-2.796539837160249675e+00
8.022422924081938911e-01
2.789986229313235810e+00
5.683361410139527337e+00
-3.449094836157769461e-01
-1.212183946596227102e+01
-3.839621104391005790e+00
3.523219820569215344e+00
4.663412277756204816e+00
-1.111761250477998253e+01
-6.394408528344939668e+00
-6.307524948121207231e+00
-6.206017344102782829e+00
3.066194315246503432e+00
7.868239868141650106e+00
-1.000746043282938658e+01
-1.025259046812684893e+01
-7.782982455213266704e+00
-3.637662200264073942e+00
-5.570583393605812894e+00
-9.588998345313200389e+00
-1.309149078597441473e+01
-1.501679052165037298e+01
6.284177055480692609e+00
-7.933965752749788436e+00
-6.894538505454369748e+00
5.935082797251172160e+00
1.584106884923735636e+00
-1.349962137974132936e+01
-1.750639065034181385e+01
-1.176161768891756765e+01
-2.036397979574202921e+01
-2.212926256226987132e+00
3.645120060073650414e+00
-1.328363372752572680e+01
-1.118204323571980829e+01
-8.707893710480563598e+00
-6.228599579596656000e+00
-1.403067516421192806e+01
1.677962345245018971e+00
3.772328490930632050e+00
-2.729519866055493793e+00
1.832258242171987073e+00
3.622333427677642437e+00
9.766917815633252564e-01
2.492802392755685048e+00
-9.036785457223968976e+00
-1.712457672200801895e+01
-1.053835105561286944e+01
5.400899136678492418e+00
-1.728474149565094875e-01
-1.116541638966142358e+01
-1.355709046519441241e+00
6.355828566762628640e+00
4.821237769416146790e+00
-1.759274758186762000e+01
1.864714704728212658e+00
3.768366936482419494e+00
-8.727521724745429310e+00
-8.294137929456109504e+00
-1.510165481909460006e+01
5.319176362388185808e+00
1.699557530286846418e+00
-1.594150997677269466e+01
-1.708885686738206067e+00
8.935673239691427128e+00
-1.078843073180030387e+01
4.537529337397685048e+00
1.140697857873772814e-01
-1.496013467952843889e+01
-4.163383612008755286e+00
5.442762957227931686e+00
5.427779273130438398e+00
-1.750013725560063449e+01
-1.400547204150224445e+01
-7.404540281335125762e-01
-1.252534341706665622e+01
-6.849976413855346280e+00
-8.787915803242336565e+00
-5.910680413351748763e-01
8.583442219303414333e+00
-6.754188449140171357e+00
-1.458364495174943976e+01
-7.820645068206610873e+00
1.613623139129086947e+00
-7.983375583468574455e+00
-6.606977727670614087e+00
-1.015431478559996847e+01
-1.213596323566380164e+01
4.687036430564738509e+00
5.714441045091176008e+00
-2.509783233209942566e+00
-7.252864776014860126e-01
-2.951808100171836369e+00
7.533404930219022688e+00
6.007487867588889863e-01
4.935905825685324544e+00
-9.363844078158660267e+00
-8.064539537958935467e-02
-8.340453318078600020e+00
-5.683297610366684793e+00
-5.031912461117261648e-01
3.055570729149173825e+00
-1.971570141671977527e+00
-4.095073724611174804e+00
-1.782525953650515760e+01
-8.256559679734634116e+00
-1.960106960239690110e+01
4.453271938276716746e+00
-1.549279998166206518e+01
