5.363790436855182975e+00
-1.029507823810418543e+01
-5.940118683556201873e+00
-1.803783969817808952e+01
5.846804249980822377e+00
-5.537855785191974078e-01
6.007172626375242075e+00
-4.285244660445078679e+00
8.255249378820270323e+00
-1.064822866364130149e+00
6.408739566335359683e-01
-8.423424419380614481e+00
-1.458716355987197844e+00
9.785074361146750554e-01
-2.632870821459434296e+01
-2.824168773747758543e+00
7.712099318993781427e-01
-1.090594151525908018e+01
-8.750312546909192690e+00
-1.402688115190168716e+01
-1.223512725238591692e+01
5.998583318095176864e+00
8.646232055714319742e+00
-2.503835830516802474e+00
3.113561636394932997e+00
-8.326792941335328990e+00
-1.089306527794047241e+01
-1.508530768118747201e+00
-5.111417691770359095e-01
5.301958449222093250e+00
-1.516996796140509751e+01
2.909061603296105858e+00
5.931251587453969520e+00
5.792460027652397869e+00
-1.637023284113307042e+01
-6.166763002149849626e+00
-2.952334273800554243e+00
-5.376312093269616454e+00
-4.612808105356320354e+00
5.784800892420946639e+00
-3.512746055615769247e+00
1.275224331526987109e+00
-2.193408506478223785e+01
-1.238050866271047035e+01
-1.133136982774685464e+01
3.271278369038715272e+00
-1.306340033243815490e+01
-1.473764743615330453e+01
4.518957128477142149e+00
-4.844659201909202295e+00
-1.374085690246646330e+01
3.182116824187752435e+00
-4.577279038356556029e+00
5.115854371046616222e+00
4.746738433753820985e+00
2.598393622545740467e+00
-1.464184624918848954e+01
-6.293438971371097423e+00
-1.087845273894330411e+01
-8.474720817745035717e+00
-1.564046319130952156e+01
-9.883758480703988880e+00
-9.922440227044129202e-01
5.777686981350578677e+00
-1.853390987687624225e+00
-3.341197325141258556e+00
-4.911239553064607577e+00
-1.326722669926744302e+01
-8.027487782053688292e+00
6.065647546334243856e+00
-5.624056739983613884e-01
2.904774591393284311e+00
-7.395177636347293415e+00
-1.661808125292400629e+00
-8.597261417714820997e-01
-1.768578329623031209e+01
-8.879862974413233800e+00
-1.210176490499988233e+01
-1.039818607954642360e+01
-1.420990469944026557e+01
-5.781214726901979795e-01
-1.869031010825252892e+01
-5.127064922861972462e+00
-4.644651377826665595e+00
-8.839577730219618346e+00
-1.218590041593010831e+01
3.089685892992463767e+00
-1.445937550398548233e+01
-2.349511509579998769e+00
-1.251138489025690248e+01
-2.152731988154488185e-02
5.368561922191446456e+00
3.461366189535261650e+00
-8.615560297715601834e+00
-5.617249744687208945e+00
-7.743150428688768017e+00
-1.180684729303990821e+01
4.881808657529591144e+00
-8.800611294782756389e+00
4.729156677236407091e+00
4.122756018150086632e-01
6.720715134800965274e+00
-5.842039681935895956e+00
2.583738198278274556e+00
-2.184020231350659369e+00
2.190246276553053484e+00
7.098276335820431271e+00
-5.416851507424560452e+00
4.379322859215296404e+00
-1.427613411218058026e+01
-7.972719435016669465e+00
4.282489614231710373e-01
-4.495363642968731033e-01
-9.087981644659564040e+00
-5.568935250410794069e+00
4.430487782415585940e+00
-3.385184500311070988e+00
8.680499466504296713e-01
9.725222851977335381e+00
-7.506316194731001090e+00
-4.606562346875355374e+00
4.897143968555127458e+00
3.377739058211471246e+00
-9.346140532074995733e+00
-1.236651107290391316e+01
-6.555524520247939080e+00
-5.659167429682918637e+00
4.853282669582506870e+00
-2.227368483183469472e+00
-1.120975595622944887e+01
-1.325370277769511418e+01
2.399254860359143926e+00
-6.211339786526623996e-01
-1.705608807774476321e-01
-1.147550554346378604e+01
3.060921939018266702e+00
-1.463455733130858327e+01
6.281565994361116623e+00
1.768162457313327884e+00
-5.795810711172773466e+00
-3.297153822588394512e+00
-5.766523478799724600e+00
-1.326318429430836332e+01
-3.834926734395033954e+00
-8.446873557743654004e+00
-6.517629321257926378e+00
-5.319686422774853041e-01
-1.133937766775125944e+01
-8.034817904438217084e+00
3.588256663827314785e+00
-2.456735051803233372e+00
-6.096101255796904095e-01
-1.143937565750737484e+01
7.350051853316093897e+00
-9.293014187194383879e+00
-1.164578028145978905e+01
-2.189652086083307125e+01
-4.950818585315051479e+00
1.024012055239620356e+00
-1.191372057136646312e+01
-1.498130789004422780e+01
4.568801361032312158e+00
-3.766790936328666906e+00
-5.882507701125915034e+00
-1.333534789842308221e+01
-6.428007538462729542e+00
-1.463417190582294580e+01
-4.978572731467785673e+00
-9.413388130335448523e+00
-1.051204312645505823e+01
-1.299322925356569236e+01
4.867025443923880701e+00
-1.160713777422444615e+01
-4.250425887896476240e+00
-1.968168371533034389e+01
-1.496142105399432509e+01
3.920369324692897006e+00
2.318194043294895756e+00
-8.161177551924170714e+00
-7.036220723463893378e+00
4.507134725092907246e+00
-1.247807618536618790e+01
-1.766865762704644638e+01
5.390966630938185844e+00
-9.437419173247428850e-01
-2.119289006156186517e+01
-5.265502892603404206e+00
-2.368662979437788962e+01
9.621338013923026455e-01
-1.754616815246983208e+01
-6.329545066169821155e+00
-7.623171413524138629e+00
-1.020883289505444580e+01
5.030878571976188596e+00
7.859846871787246059e+00
-1.650304577396636674e+01
-3.683913683355634294e+00
6.610113454591800775e+00
-6.564868854053156344e-01
-1.348998370537373859e+01
-9.122652750558087220e+00
-1.366652409959519154e+01
5.645099208677498481e+00
-1.329466019371783148e+01
6.758584058546921014e+00
-1.639495576630287133e+01
-5.426237347775082043e+00
2.708661403608903395e+00
-1.528667231762621093e+01
-1.013422703485875687e+01
-1.494748154680734764e+01
-5.586465857157516979e+00
-9.038157032140363256e+00
-8.971545236356111008e-01
-9.183974678743519249e+00
5.197637713738689769e+00
4.428519751732514109e+00
-1.587927782093966300e+01
-4.451634247767193742e+00
5.780934617024358957e+00
-6.370948168199797479e+00
5.717718381256007731e+00
-4.686074590608500401e+00
2.906703457990893025e+00
-1.439335004075335611e+01
3.626423487765069620e+00
-2.911125746605292886e+00
3.595319442007932853e+00
3.035058071323039286e+00
-8.350060869221110238e+00
-1.198773297155865336e+00
-3.218695284088070707e+00
-1.200211708549036338e+01
-6.690804222906185927e+00
-1.713346576399937149e+01
-5.382609837419202847e+00
2.370968858354231212e+00
-3.084772825926966444e+00
-1.222804322847398062e+01
3.118660354841712667e+00
-1.751640368962314298e+01
-6.256839304074702568e+00
-1.297634854881932220e+01
-2.297345156498798779e+00
-9.006500791102091341e+00
-1.745105650725369273e+01
-8.968166096102159202e-01
-1.014967879209023760e+00
-6.702288184564821449e+00
3.917174725673222557e-01
-1.078934890863409635e+01
6.315032011423582503e+00
-2.214982752927556930e+01
4.099313872699065442e+00
-1.056698813736163345e+01
-1.182705008846416384e+01
-6.311934963319258074e+00
9.026623935519618058e+00
5.540321410815021608e+00
-7.556103220424946088e+00
5.775362876400745193e+00
-1.889311060081571014e+01
2.528404146005596154e+00
-3.231152518350121738e+00
-1.878358832228160580e+01
2.145759400494560598e+00
-1.783085283221148565e+00
7.730046683965865029e+00
2.693838930459286463e+00
2.837847713401011163e+00
4.629487697665043200e+00
-9.229858065526270750e+00
-3.087324455919283395e+00
-4.222983047512411048e+00
-1.491695126845617558e+01
-1.227290705734738552e+01
3.392422382381210522e+00
-4.153888060650388070e+00
9.800246133251320213e-01
5.814499542782268549e+00
6.483180861942550166e+00
-6.291358978991756778e-01
-3.431619878225036224e+00
-1.271483626824036683e+01
-1.035064169549300495e+01
-1.544237661687726870e+01
-1.257279823649304795e+01
-1.133335443027287326e+01
-1.019184268957282491e+01
-4.263504676686206141e-01
-9.411717848641853124e+00
-4.056948519418623889e+00
7.857318003018866293e+00
-1.724364712033747971e+00
-1.506098967598173033e+01
-5.904496469795214253e+00
5.209362902922425320e+00
-1.313957275637622324e+01
-2.547784579768795243e+00
-1.356228359259658411e+01
2.328814626003701704e+00
-1.006873784872875355e+01
2.802230052919441494e+00
7.551646652275369576e+00
-2.891942778458206131e+00
-6.375917172583239534e+00
-1.050776874522232895e-01
-6.479649588124425819e+00
-5.383365030751789959e+00
-2.324670834495272942e+01
4.279890417181416495e+00
-8.534359143306895490e+00
-1.017333962239188061e+01
2.726082258927279955e+00
3.374230569540134894e+00
-1.225269068046897480e+01
-1.511448566843477259e+01
-6.054930103063171032e+00
8.122376663899064653e+00
9.959299298061095485e+00
-2.093396657737638122e+01
4.088788010803261486e+00
-6.689575315740007966e+00
-5.607354149548827493e+00
1.874397432325348056e+00
1.553731808385063307e+00
-8.508180308687212090e+00
-1.716927900601354295e+01
-1.593567758175583826e+01
3.461697090792639653e+00
-1.212971350833780804e+01
-8.458127992187042921e+00
-5.316715614585586280e+00
-7.984930068025211103e-01
-1.368065858900826903e+01
-1.209323925284233603e+01
-2.077838920548903801e+01
-2.190665325029369370e+01
-2.266541089569450307e+01
6.151295476494979653e+00
3.380939706646550746e+00
5.577587712619816784e+00
-9.798857851865273361e+00
-1.032538632571960768e+00
-1.176033145805456037e+01
-1.143594076604257559e+01
-1.894913792180095058e+01
-9.562454194394286233e+00
1.530292654936715291e+00
4.585793089857844507e+00
-9.331576283234086944e+00
-1.089676614748081995e+01
7.102035764615157731e-01
-1.132930484774898794e+01
-1.665827882117455871e+01
5.687392237203145129e+00
-5.289863585473234764e+00
-1.276690819745107852e+01
-3.546799226798259763e+00
-1.353245401621430233e+01
-5.205195267432051187e-01
-4.523335375196578134e+00
-1.623530970294241627e+01
1.681458768244480595e+00
-6.478730507221573731e+00
-3.884345085423341004e+00
-4.068967604065283794e+00
4.952782142839706747e-01
-1.190854517796885403e+01
3.512275432871340808e+00
-1.194287412450999852e+01
-7.049322194580597056e+00
-7.209702491470576291e+00
2.509703860220200866e+00
4.773246284918498006e+00
-1.068542611980487855e+01
2.619048538857927877e+00
-3.614474388023015905e+00
-1.622326379838776234e+01
-1.302749533338262644e+01
-3.527441533856150890e+00
-6.668653578505791657e+00
-8.199088824689301447e+00
4.879110252203018305e-01
5.518484796336643683e+00
-6.375166242009306927e+00
6.113776185241444949e+00
-5.529818934638019101e+00
-1.514382337653960420e+01
-8.897633615032390253e+00
2.793732967102681375e+00
-1.147016833818970483e+01
-7.791927956268640543e+00
-1.767500665497208079e+00
-4.284206387640312030e+00
-9.994751587150140892e+00
-4.483522539445291777e+00
-9.245641417515454208e+00
3.584770657679368977e+00
9.446730351596043462e+00
-5.212484098338565630e+00
-8.786136790173321387e+00
-1.102724421150213274e+01
2.769516657604234044e-01
-4.690980280272944114e+00
1.738326272767134029e+00
-1.024472717381789622e+01
7.791419706888653707e-01
4.563581220578138087e+00
-2.014513056586614681e+01
4.223808448740351551e+00
-1.418097202545463986e+01
2.801101586335716487e+00
6.272538410068992931e+00
1.554903968604574249e+00
-5.076973428766292429e+00
1.094410527760351748e+00
-1.086547269200654853e+01
7.774850127543407652e+00
-1.216031150874232525e+00
4.062667311434870143e+00
6.733397328626395506e+00
4.974232401001371429e+00
1.620420020164501373e+00
-9.805364398286325667e+00
-1.463042009940550114e+00
7.132527507962993951e+00
2.367219031191532874e+00
-6.659388964275334555e-01
4.544697891815443924e+00
1.707342072802105815e+00
-5.053292323316519230e+00
-1.277252925295919539e+01
8.439389422438729582e+00
4.972860360081130082e+00
-2.529049107218283865e+01
7.474310060120576082e+00
-3.395048509111955326e+00
-6.866346933403139730e+00
-1.062514481517640519e+01
-7.968414158319031770e+00
-1.889068905357677863e+01
2.520767247569985159e+00
2.141173357122271970e+00
-5.199190221880673590e+00
1.542675716802589747e+00
-8.044115250730722977e+00
1.179842607785099950e+01
-2.695806435376768118e+00
5.238376789810391898e+00
-6.863287877629547395e+00
8.994269723123995419e+00
4.297204424166551462e+00
-3.799449483145224127e-01
3.801944233138117912e+00
1.509899997743096911e+00
-2.167989997014250214e+00
-1.596151232409052056e+01
-6.233512159857053092e+00
3.266787517084534187e+00
-4.014382585303907014e+00
-1.416204771667016082e+01
-1.975954131596953545e+01
6.377458158657400844e+00
-1.559602443925695248e+01
-5.030025805982191400e+00
-6.662323356060770863e+00
-1.061748514302101754e+01
5.223121705462956399e+00
-4.285892796223722545e-02
-2.552383139869609963e+00
6.752758549780008224e+00
4.040382121260003956e+00
6.955860973648119838e+00
4.864510323553735915e+00
-5.131794071830659831e+00
-1.633487843133918105e+01
-6.402558330018569777e+00
-1.822566354758401630e+01
-9.373171752283068869e+00
-1.331853304696335272e+01
7.370448216880200576e+00
-7.259288888648192994e+00
-2.141150082098573826e+00
-5.884395930481078452e+00
4.664604136366506282e+00
-7.419997846993510393e+00
4.011327304618848899e+00
-8.680380394513342424e+00
7.474271590405486165e+00
-1.202979602163316031e+01
4.262742286278394133e+00
2.365586419062710277e+00
8.246159156666609036e+00
-4.515399392674412482e+00
-2.537884253332303164e+00
5.806592980354935207e+00
3.674291003543739276e-01
-1.096195533611649253e+01
4.866372752435628612e+00
5.597161097733778234e+00
-1.644961336156836040e+01
-9.065838525602508469e+00
-8.807882115033889292e-01
-1.095749142820178790e+01
-1.834362598391586019e+01
4.286257831187258560e+00
-1.620485522294706371e+01
-1.510422488936805685e+01
-1.110185607151838738e+01
-6.267157286257257098e+00
3.993664473877091670e+00
-6.715669565389685403e+00
1.105621701908565013e+00
-1.295620929056407178e+01
5.291232997450045161e+00
-1.343297154980847274e+01
9.163357943066404943e+00
-1.131143712968258086e+01
-8.770574655883565995e+00
-1.227543738311248944e+01
-1.029955937284174006e+00
-9.502190971826596666e+00
-1.481972404232186769e+01
-1.439949702075665883e+01
6.951516336929769224e+00
-5.957335263958862814e-01
4.392719390532469959e+00
-2.473701383299463430e+01
3.324255521384060330e+00
-1.396288653316905481e+01
7.913574846328688128e-01
-4.202133172807865691e+00
-1.551475970202695720e+01
6.446714259239533007e+00
-1.108388210672565677e+01
-1.181164515722220187e+01
-9.483213466188580298e+00
-1.020376003130726161e+01
2.155931136727606390e+00
-3.729397043375675569e+00
3.524345951876573846e+00
4.741632983553792258e+00
-1.267371446988470041e+01
-1.476300657555190554e+01
-1.403476653462496060e+01
-1.238843534913055144e+01
5.031372172523417063e+00
2.537982494147593027e+00
-1.036256131118281409e+01
6.231847654645898515e+00
-2.179638483707344143e+00
1.033743722687220146e+00
5.242232281156047335e+00
-6.460933144434800823e+00
-6.985527661038711145e+00
-4.557572053889717978e+00
-1.637922158936699901e+01
-9.344981227145841007e-01
3.853181001979919085e+00
3.652216825641133813e+00
-1.138325679347788544e+01
4.801405061019000442e+00
-1.240375016540452791e+01
-1.753541756006391239e+01
-7.305878389115944671e+00
-1.420755479581786851e+01
-4.080164975931677596e+00
2.753745303450789272e+00
-6.938169620710359808e+00
5.952998830492850502e+00
5.816837020225992916e+00
-3.179745193396207981e+00
-1.567181101961989320e+01
-1.358284498451655686e+01
-7.620200110774019819e+00
4.792494800616422523e+00
-9.005501078739850840e+00
6.241948022171030175e+00
9.268166342140828462e+00
-4.651759167580317822e+00
-1.018186173540244432e+01
1.026230840953376688e+00
6.076893362187055558e+00
-1.906128819152435261e+00
9.298221249280484102e+00
7.310624110980201706e+00
1.019093964146789411e+01
-2.846288681915248198e+00
-1.236866654936908105e+01
5.816418835869214377e+00
5.425173913375020973e+00
-1.305130089193773557e+01
-6.064336960305924951e-01
-1.354281526570991101e+00
-1.265320606833696715e+01
3.889144727666373758e+00
-8.664323978050479269e+00
-1.129958018032186651e+01
-1.662180220739798031e+01
4.718968688625699848e-01
4.758050698373534004e+00
8.527761705072829379e-01
1.578505204366470682e+00
5.164819819317118643e+00
-7.593826526784626552e+00
-7.286726001617697790e+00
-6.859900968733608773e-01
1.801544646201982847e+00
4.307015464599258436e+00
-3.100670340820537163e+00
-1.400944672105120503e+01
-3.718448449266971600e+00
1.026607183080024743e+00
-5.326576758024996749e+00
-6.356355383522172886e+00
8.724787317663491137e+00
-3.868547637532868233e+00
-4.319118632792089407e-01
6.283267667687439939e-01
5.247159733023427641e-01
1.446015512888556565e+00
6.624730957426020694e+00
-4.999784727343428159e+00
-2.065747325228443643e+01
1.045972796988281850e+01
4.910789984364621219e+00
-7.013384079260848836e+00
-2.093113219870767949e+01
-3.160003740845728437e+00
4.872478721407540903e+00
-1.358112872841321916e+01
6.544938914281980047e+00
2.424618293584866358e+00
3.732197736085310691e+00
2.774075722699211877e-01
-4.994847808075478568e+00
6.536832953044763528e+00
4.511963333603489446e+00
-7.922278155352447726e+00
-1.862973492367083495e+01
3.683196488105439759e+00
-8.755022431344999134e+00
3.185305566199148064e+00
1.704898214414793944e+00
2.287373335661031959e+00
-7.522016590088973942e+00
-1.798196552926654235e+01
-1.115128917716467782e+01
-1.280686763187301658e+01
-2.487032422464985792e+00
-7.937971313058302059e+00
-3.656548616228468829e-01
-1.199407310181498509e+01
-2.523075570681996282e+01
-7.987574114820063187e+00
3.788645215625363161e+00
-1.701430364991422906e+01
-1.117770999189973047e+01
-8.086878965607535719e+00
-1.185725275889654284e+01
-4.161154105187544694e+00
-7.919404492701731968e+00
-1.176203140416812509e+01
-1.789213774840538917e+01
3.735629387193052597e+00
-3.855804283542405120e+00
-1.602084771855011525e+01
1.836385381991239463e+00
4.072271842749398019e+00
5.936310640902505043e+00
-1.387532726545005879e+01
7.302640104909555063e+00
9.287212798077327136e+00
7.712547226013672486e+00
-2.757470415545669074e+00
-2.178782777445977459e+01
-8.270717698697760412e+00
-1.094415848855477691e+01
-1.576481922947905367e+01
-9.967070210355473137e+00
-4.743002975754421868e+00
4.813715406796648111e+00
6.540324883610153961e+00
-8.665629218485182861e+00
-1.155019539809972429e+01
-1.447097374864777919e+01
-1.722855980882150106e+01
-1.472373768127353877e+01
-1.588624244984555034e+01
5.179895885667278321e+00
-2.557693014396964060e+00
1.024520272993583170e+00
-6.713097226435227327e+00
-1.832261610151885023e+01
-5.320889353507899600e+00
4.072647831203903834e+00
-2.800057115586156442e+00
-5.310174864409349382e+00
-1.428965558498357602e+01
-4.590389467966071280e+00
-1.980133095419870415e+01
-2.034381797119225954e+00
-6.510092250424987625e+00
-5.787542682856742005e+00
-5.207233444304080194e-01
-1.364564321047232021e+01
-7.174992947824051726e+00
-2.723567864799998794e+00
-2.051617727263472801e+01
-9.223447389730845103e+00
-1.804494110495850734e+01
-1.277277591868351792e+01
-5.877610072177265721e+00
-6.843564532909514497e+00
-8.159614802426892188e-01
5.144480424928756790e+00
1.328773700380307510e+00
4.021933409981037766e-01
6.873327779795850745e+00
2.588987597438108246e-01
-4.147936724974949030e+00
-1.325614070768454766e+01
-4.753670589425093240e+00
-6.675575010741306770e+00
4.389800602281868080e+00
-1.052580037051426665e+00
-1.039029792753302317e+01
-4.006162779256861484e+00
-9.939263957814464590e+00
4.373959163522771476e+00
-1.889636761144641497e+01
-1.424282519729491092e+01
7.602737116615942981e+00
5.429533751687536380e+00
-7.565727027304042451e+00
-5.246386377136175838e+00
-1.205639562891200889e+01
-1.358059372231172013e+01
4.037866919389314191e+00
-1.599715435677276254e+01
5.574333051287979401e+00
-1.228399088091929414e+01
-4.514921771565525432e+00
-2.099738735113942312e+01
-8.686117068857901913e+00
-5.808417485007304037e+00
3.739361111743223720e+00
4.502848303362284810e+00
-5.954535212093002627e+00
3.180610401263805453e+00
-1.830740022439031023e+01
-9.406337597507020476e+00
3.136791696936302998e-02
5.643719187928644132e+00
-7.453711617015343904e-01
5.493568922965346601e+00
-8.896993598865673647e+00
-1.628870677514111298e+00
5.280765479401567930e+00
-6.816812217008601849e+00
-7.755918627288341582e+00
-1.187157528914244420e+00
-1.983809751077653516e+01
-1.407620997483745207e+01
-9.522167599366618163e+00
-2.096581400896457126e+01
-9.473006038193084066e+00
-4.652442973118052549e+00
-1.809613793941830906e+01
-1.971825553400256936e+01
-1.312768496547969654e+01
-9.811495995429462269e+00
-1.374072734590818001e+01
-1.780669343576269270e+01
2.614461009427955229e+00
6.520927796226306583e+00
-1.207903492304058624e+01
-8.072295958475489641e+00
-1.208600392227729259e+01
-7.046883727947779619e+00
-1.790030953108748824e+00
9.292331418950516841e-01
-3.893540110756569250e-01
4.355356100213162662e+00
-8.537217107101009006e+00
-1.274241435839782000e+01
-8.027803697733105537e+00
-1.958151397441589836e+01
-7.011687230284703531e+00
-1.919866975312706359e+01
8.724995930109505693e+00
6.059581966842991108e+00
2.320023218074948268e+00
-2.857828350979776388e-01
-3.773677536191842652e+00
-7.610912762170446655e+00
-6.694661888601419975e+00
8.055956863144020375e-02
-9.418988435680047289e+00
-6.480865714828855317e+00
6.782925453082016887e+00
-1.268104856163742689e+01
7.204282310233667275e+00
-6.801345357675254277e+00
-1.824153735984878466e+01
-1.268874674309318351e+01
-9.687586543984501475e+00
-1.591413678143442212e+01
-1.750066626689483318e+00
1.044893753728879382e+00
-5.277059725433913329e+00
-9.728160009691636745e+00
4.279110192334643514e+00
5.620026244176871799e+00
4.322720627060149923e+00
3.675265349449528873e+00
-1.286073477627286543e+01
-8.044817324309200046e+00
4.857971308643524111e+00
3.316459923688864109e+00
-1.726751833159118732e+01
8.047904031063088937e+00
-1.072331927829111997e+01
-1.067482460597750737e+01
4.355049263749101840e+00
-1.112092627322460281e+01
2.668240151147232009e+00
5.637113813626479342e+00
-1.531996573256994054e+01
-5.395043846378836605e+00
6.734873235707770078e+00
-6.240387760986223498e+00
-1.305177258655524142e+01
-1.296929251864791155e+01
4.492705481973269244e+00
-7.209106061604579452e+00
3.591323528381322294e+00
7.430749809176683485e+00
3.001529546325353959e+00
2.128194246972868076e+00
3.031706845065905043e+00
3.747085260343792523e+00
4.732512721138775191e+00
4.125062888783565640e+00
-1.127683966254570258e+01
-1.389226918566154900e+01
-7.335478263245789776e+00
-7.981683399582758298e+00
-1.161903998665364846e+01
-1.192313028670988828e+01
1.095102562836057336e+00
5.489684092077977695e+00
-7.066970225614465306e+00
-2.016155633115261381e+01
-9.727724389545814532e+00
9.239526927570366865e+00
-4.486496233881020146e+00
6.693218906001710877e+00
-1.582404879529736874e+01
-1.911695830638014115e+01
4.032326944811764236e+00
8.358500846037717480e+00
-1.579289017938543083e+01
-5.000709277014372844e+00
-5.937614148057939190e+00
4.348958952213499707e-01
5.609699714881896782e+00
-1.199045014806683440e+01
-1.442883162235373495e+00
2.198851751401561305e+00
-4.184375850384219220e+00
-6.289093185588271240e+00
-1.805883348441189185e+01
-9.357488272831593790e+00
3.930912358930782613e+00
-1.848954974790029482e+01
3.418427611108579622e+00
5.980557084617826646e+00
-2.647261637475664386e+01
-2.503119252782510884e+01
-3.718696870575275870e+00
1.275084902027056044e-01
5.620483503711812823e-01
-1.593630704970070155e+01
-1.439748574574940765e+00
7.028014293988016803e+00
5.296368255330671460e+00
-1.092417318471783005e+01
-1.281260330255317648e+01
1.184627169562698867e+00
-2.627987262961226733e+01
-1.577613867280122761e+00
-4.107500478232473107e+00
-1.298448634615055575e+01
-1.058994726309892442e+01
8.170463205103803972e+00
-6.475783577795274581e+00
8.153976821679066234e+00
-1.255592303055171044e+01
2.071340006465266503e-01
4.884038661279074489e+00
-1.508756411200965530e+01
-1.668617343009982434e+01
5.766542211824503994e+00
4.948143840220540213e+00
-5.517004842459212188e-01
-1.268483035769570932e+01
4.928810270265415738e+00
-7.873710548854521818e+00
-3.030212314655601702e+00
1.947198212901187997e+00
6.404842139940239321e+00
-1.817097091667329067e+01
-9.529537920871709034e+00
-7.285866027229063846e+00
-1.402670329205504274e+01
6.849471466600933311e+00
-2.764899302092025390e+00
-1.505730064784000888e+01
2.701131240187480742e+00
-2.521813669029577376e+00
-4.526151975954103790e+00
-2.172836015156424772e+00
-1.596875136780995419e+01
6.911490736752408992e+00
8.334035062439378194e+00
4.244596737749260384e+00
4.643372694802335943e+00
-1.408058053438524482e+01
-2.677395879003595169e+01
-5.646356063131435121e+00
-6.286950544144818132e+00
-8.049059741134270141e+00
2.393968323009337817e-01
-8.088910814122179715e+00
-1.167471445744248193e+01
2.737905409647660715e+00
-8.256224874439961781e+00
8.549285829258273850e+00
5.221941599956707591e+00
-2.434303549439908565e+00
1.852740107597258490e+00
-8.236172132285657810e+00
-1.180216637748605635e+01
3.053530114660097272e+00
4.566668737129331745e+00
4.667045336942938327e+00
4.776008991046720276e+00
6.940353712410970211e+00
-1.984115690601140614e+01
4.115136277665457420e+00
6.420359210744909895e+00
-9.425934252959919490e+00
-8.036901257629493145e+00
-8.224609897980114326e+00
2.051859085714429209e+00
-1.546778172520458794e-01
-1.017341995501812413e+01
-6.813997176644517317e+00
-7.896924356893983976e+00
-8.510327989021629236e+00
-1.354712009483204405e+01
6.042948850074992606e+00
6.220414109283805892e+00
8.131817085849238680e+00
-1.766247715858930079e+01
-4.563938416325935776e+00
-2.051530410096414059e+01
-1.200279247482738842e+00
-3.963795710002577799e+00
-9.742063070869352970e+00
-1.865828042656699215e-01
-2.060977598653335363e+01
-1.259906400872137233e+01
6.680316360081792304e+00
-2.997482651274229859e+00
-1.722272613179583445e+01
-2.389444047304983698e+01
3.463148290414733932e+00
-1.021434875920837015e+01
-9.029855170320340463e+00
-1.870263610229505602e+01
5.552392785868376812e+00
-1.475354405022999060e+01
2.304034196575154958e+00
-1.078430155635280130e+01
2.501110735684211051e+00
-2.089502613263155339e+01
-5.398170517520965106e+00
-2.613101309223280566e+01
-4.691563849606021464e+00
2.144506127512664229e-01
-5.290960693567962281e+00
-9.776352278068456414e+00
-1.891087870831720252e+01
4.932990874241821366e+00
4.717822612922534020e+00
6.658684681080311307e+00
3.218489390960049601e+00
8.381164460422798612e+00
9.497025696045518828e+00
-4.369485616670694128e+00
-9.867243737781111079e+00
5.054197365972580513e+00
-7.791263156062372630e+00
-3.028519627529695946e+00
-1.485268183634870276e+01
-1.542859816712500809e+01
-8.624345345937475926e+00
-1.505821638097116910e+01
-7.438691019500681456e+00
-6.612857134998501252e+00
-7.759666832750370169e+00
-9.522085701585032425e+00
-1.722045830129945543e+01
4.634507627727582957e+00
5.525249749859206361e+00
-3.261977167569626523e+00
-9.732149950901710866e+00
-1.229195314067880496e+01
-1.621746534711156151e+00
6.651595952059353500e+00
-1.397338428741563909e+01
-4.336447628587236203e+00
-1.645654163508089241e+01
8.937467836491207462e-01
5.762565384123349510e+00
-8.607909433438827307e+00
1.420321000964320790e-01
-3.185208963326824794e+00
-7.495953055840312906e+00
5.114498903368698279e+00
-1.804187769770473082e+01
-1.203205790079466020e+01
-6.305171470963187863e-01
-2.203466318571004479e+01
-1.247284541137278957e+01
-8.585014700365977802e+00
-2.434697700559449274e+01
-6.670163718024541666e+00
-1.436729305888066799e+00
-2.276886656127756936e+01
8.552686201233727914e-03
-4.835411901803545298e+00
-8.164715456578527153e+00
-1.030802083541139424e+01
-1.347620534666463676e+01
-1.148608093116597928e+01
3.271064922271206932e+00
-2.196638632174715156e+01
-9.169009272689667256e+00
5.550505227237233719e+00
-1.057926383594375253e+01
-4.336784252864248401e+00
-1.398249641271818433e+01
1.989150879042443698e+00
7.376652635769898936e+00
1.240242532869825443e+00
-5.324240344952391624e+00
4.184028802882202136e+00
-1.381945532257383924e+01
5.423020827442937453e+00
-1.432012661580281865e+01
-2.386655475515579994e+01
-1.788142821870218668e+01
4.017072785612741725e+00
2.977127864814472780e-01
8.086177743395424500e+00
8.567269094159744469e+00
4.220884432813948095e+00
4.864900419439273094e+00
-4.277997614378743485e-01
6.716999905011187266e+00
8.087843239643431659e+00
3.520696444656240320e+00
-1.963438303907451044e+01
-9.967056308649665297e+00
-2.307456204674896583e+01
-2.128257668332913255e+01
6.603739436349836289e+00
-1.670021800854204130e+01
4.327382197424967103e+00
-1.188984490873081157e+01
-1.463345174369224644e+01
-2.012735050289237648e+01
-2.903473469177396904e+00
-8.815734544556612207e+00
-1.819643054449809227e+01
-1.783182755970698641e-01
8.054213130038260227e-01
8.611581744579318354e+00
-1.806526035919010909e+01
-2.805214591594928919e-02
-1.033119797371540827e+01
-1.013924246297393417e+01
-1.060139280343891421e+01
-2.458530780150437067e+01
-3.833098888518865710e+00
3.939455502931496600e+00
-2.335114600930698003e+01
-5.481962831776095335e+00
6.516924277884604599e+00
6.404742256845411541e-01
-1.125713831093547235e+01
-1.616773208961721053e+01
-4.231021270882957097e+00
-8.243463911375997100e+00
-8.560818862855917644e+00
-5.032203586575087151e+00
-2.056698387304504649e+01
-6.615202045150544663e+00
-4.794607935708305568e+00
-2.210852800444855148e+01
-1.335285981028341773e+01
-4.245227767404669450e+00
5.791104339378288834e+00
-5.401826305081789847e+00
-7.775458251431436096e+00
6.327852640903143033e+00
-8.488662897589822620e+00
1.691933582754093557e+00
-1.793034358689026675e+01
-6.837256609919912798e+00
-1.566385488983894625e+01
-6.543651599461162149e+00
4.986270584986709942e+00
-1.238861457799577970e+01
-3.060280271773938576e+00
4.394681066617827980e+00
7.841986043729036737e+00
-4.565414562245388552e+00
-6.881337626449024469e+00
-6.385289034631772331e+00
3.827473099247459931e+00
2.131587876395334424e-01
-5.029674992132557421e+00
-9.902580251831709646e+00
1.010366428666027439e+00
-1.124569135303097056e+01
3.589359705301760517e+00
2.599427149231717582e+00
-3.681978304146797942e+00
-8.462679567421519167e+00
-5.895008062148153982e+00
-1.792199544034197345e+01
7.142884286135481986e+00
7.352459229238402116e+00
-4.824236209376070450e-01
-1.185947387289736987e+01
-5.615413224313701157e+00
-4.274961054663299898e+00
-3.895499471378507828e+00
5.617541830918723278e+00
-1.481532047353409709e+01
-1.130549161561320481e+01
-8.722396393734667797e+00
-9.610507643216363860e+00
-1.046663613219652866e+01
9.440487703185617363e+00
-1.609039676487774528e+01
3.402750186634331708e+00
-6.440787158109389843e+00
-2.048053394260940863e+01
6.332776664658937626e+00
5.833610029342470860e+00
-4.642453528292114662e+00
-1.733314179274934475e+01
5.028350037932673544e+00
4.157122497621040580e+00
-1.793655199993290950e+01
9.496116708055881261e+00
-7.865138183631144031e+00
-4.941277104376768037e+00
-1.333176693024207005e+01
-1.283687328454161758e+01
3.965890266745193404e+00
-4.568352471345408006e+00
1.813902163294331071e+00
-7.187844895865970862e+00
-9.892044895458383280e+00
-6.547727584697405234e+00
6.321074225147608416e+00
-1.772859816603167360e+01
-3.866668373368063349e+00
-8.274579906240193683e-01
9.002645410218512723e+00
-1.138502500712086096e+01
-7.258735914304303982e-01
3.364086005496074616e+00
-2.138749527382038806e+01
1.993305977734688206e+00
-2.829103504987269702e+00
2.997339568240179553e+00
-1.180359711589032123e+01
-5.238007829131370308e+00
5.050762905767785860e+00
4.958392284783462500e+00
-3.606224173639875907e-01
9.188670010716067926e-01
-1.375339548394325639e+01
2.727454031728453465e+00
-3.747348428302573087e+00
-1.459438010601382985e+01
5.451223952990179811e+00
6.833405125216949649e+00
3.551964085636660773e+00
-8.900665930175215124e+00
7.997138079293636403e-01
-4.070331456056313080e+00
-1.944682839023766374e-01
2.447006924657491922e+00
-7.828452106571861080e+00
-1.252798471954943871e+01
-1.392151713261442758e+01
-1.187035465242033183e+01
1.582315731394860148e+00
-4.918085408868352104e+00
-7.503906669960328735e+00
-9.990543884989261159e+00
-1.021327631291995353e+01
4.376952448978024712e+00
-1.727506625701886733e+01
-8.542310111332625411e+00
7.399871750070506238e+00
-2.349370410336088622e+00
3.150298066439058964e+00
-1.283508114167205605e+01
-6.181881742454130801e+00
-1.368129558649362387e+01
-8.775718749972311272e+00
-1.365178725059586107e+01
-1.799806315081302088e+01
-9.905844760306354857e+00
-1.682930950188599439e+01
2.818821163606805680e+00
9.403677166840822110e+00
-2.251624145047479786e+01
-8.766833298393756024e+00
7.828856063675786459e+00
-1.230458786764592638e+01
-8.982568565931197568e+00
-1.027109956182980532e+01
-1.925897455113312162e+01
-1.456685200368147370e+01
-7.077631659349727045e+00
-1.712449077864398106e+01
-2.118949356654842830e+01
-1.561125643255330431e+01
-1.349411271933170653e+01
-3.380911702213340586e-02
-8.615759086033866865e+00
-1.487399554869011098e+01
6.394503858773411764e+00
-5.813991634242161588e+00
-6.011751515861781137e+00
5.639950521248217719e+00
3.852808080559699366e+00
1.290211412052030759e+01
-9.927974612807346944e+00
-1.326781456314657071e+01
4.619283106394423299e+00
8.848080629204980951e+00
-7.683621972714142601e+00
-6.002344865273177454e+00
-1.411102203217092033e+01
7.754961793079432342e-01
9.466418860490561471e+00
-6.830750198404604845e+00
-7.533767185048700910e+00
-5.188897103901656926e+00
-1.340857914778948690e+01
-1.137694664193232974e+01
-5.219090266261027011e+00
-7.049705077085686611e+00
5.112697215207615997e+00
9.083267575503434221e-01
4.433721957441304262e+00
-1.181571758550690276e+01
-1.006813534848425817e+01
4.227842010686890362e+00
-1.099305581067135051e+01
4.322152261113718197e+00
-8.032231757487123147e+00
-1.487307723637727719e+01
8.169546848901269698e+00
-1.430210957656202209e-01
-3.578216363409169265e+00
-5.668741295936174929e+00
-4.534705484082159010e+00
-1.266737560667339757e+01
-1.854568213288154865e+01
8.075175606530212491e+00
-1.047701138882889005e+01
-1.167739694401032580e+01
1.553962163733202395e+00
-2.264075584065034175e+00
-7.458996794393317309e+00
-4.168985335553955229e-01
3.676280541980939010e+00
-1.377842071083139786e+01
8.272972107702090128e+00
-1.807258209499680390e+01
6.383631947415411290e+00
-2.840429858456206880e+00
-8.630779865487843594e+00
-4.523335927148168345e+00
1.353522573082904135e+00
-8.478911722188552602e+00
-5.489363160459562963e+00
-8.741765898818027125e+00
-5.081462418026503336e+00
-1.490695761650951745e+01
-2.121813312856686906e+01
-8.738456773296443103e+00
-3.299569059411698646e+00
-1.132230955740360123e+01
3.792508876259753858e+00
-1.123108480065744530e+01
4.738666413708120473e+00
4.835582939503265010e+00
-6.268181868708084359e+00
-2.954586848504994756e-01
-1.587153755820854251e+01
6.151368620786496599e+00
-1.179232316434962158e+01
-2.020867471154737061e+01
-1.661608646348906149e+00
1.506286228557060625e+00
1.841567941026998056e+00
2.420465615433039286e+00
-1.843681082735345100e+01
-1.367940296787255505e+01
6.726713472664584081e+00
-6.607614838173597960e+00
-8.742021385004239420e+00
8.741869816146673244e+00
-1.331429701392126574e+01
1.021287609937366092e+01
7.882977535217234433e+00
-9.391757902554928705e+00
-1.027528627165713182e+01
3.807184295925812645e+00
3.267105853169905760e+00
6.876819270681814089e+00
-1.740275077107562129e+00
-1.944343561450292412e+01
-9.752681773133408782e+00
-2.278155383692012848e+01
7.990690253849047409e+00
-2.003383146441487384e+01
-1.318082301819761781e+01
-5.019310304058965500e+00
7.039884477383315797e+00
1.053933489795803258e+00
7.597787730554422803e-01
4.662396908425390230e+00
-6.554567890697092558e+00
9.649102152132408960e+00
1.558979233959504107e+00
4.546507523330113543e+00
4.141836037942137949e+00
6.911019515405136815e+00
-3.994185639966017831e+00
4.829585508533296156e+00
5.691461452513182806e+00
5.942695669578864637e-01
-1.008475984917054724e+01
-6.869683408979222250e+00
6.598686158263120660e+00
8.228156384658806388e+00
1.851533584049378067e+00
-2.623748081623780593e+01
-1.913292759220277617e+01
-5.251055296941183670e+00
3.220386259010078689e+00
-1.037483803927550596e+01
-2.155588523366874654e+01
-5.604120683301315964e+00
5.524082121822136315e+00
-1.039502180833360967e+01
-1.663872435821852847e+00
-2.179971237118106231e+01
-1.489187544650053496e+01
-2.090724566681191732e+01
-2.426018552126227590e+01
-1.740178412358125826e+01
2.911121918472882708e+00
3.194852346724876835e+00
-9.042096133895773491e+00
-1.320815086915172820e+01
-5.286606027091103499e+00
-2.675289247377124369e+00
-9.695114483999438093e+00
4.746714652060173734e+00
2.810303291207944199e+00
-1.032952882007542961e+01
1.006282461540703288e+01
-8.655849528376206692e+00
-1.794000889751658079e+01
3.718175306885938003e+00
-8.942970215839658010e+00
-9.204422009166879803e+00
1.569820555071067769e+00
-8.586951730173964847e+00
-1.047567515682755612e+01
6.356429085672797852e-01
-4.473361390651664493e+00
3.312873368922488293e+00
8.118182212200014902e+00
-2.156089927562474173e+01
-1.369333500033204665e+01
-1.739633530705391351e+01
-1.492487878732766404e+01
-1.172977068440886761e+01
-7.646836053394539867e+00
-9.375554611020811890e+00
1.215428022331439095e+00
-2.011950883952583524e+01
4.927110628263537073e+00
2.981878987693542093e+00
-6.319893826845355278e+00
-1.487281150396373519e+01
-4.253456357759763051e+00
-5.703480552379349255e+00
-9.722371281794512043e+00
-8.929995163596588625e+00
-3.960000002605841285e-01
-1.799620499944441221e+01
7.464531635919355423e+00
5.633270425511694768e+00
-5.368512436210242988e+00
-1.683978419330703602e+01
3.779595293890440910e+00
-2.130437273513273766e+01
7.946922334577894098e+00
2.960563402485416606e+00
7.117768383260099085e+00
-1.681607971348110198e+01
1.146051238565980679e+00
1.778556749709132134e+00
2.654702368807536406e+00
-9.649535212159872088e+00
1.528711068221337399e+00
1.231244498724250125e+00
5.247615308078281693e+00
-1.637953492118748500e+01
-7.951811575966100776e+00
1.582728053456549322e+00
-2.320821288498138291e-01
1.764377746150683102e+00
4.951467365412107746e+00
-2.433786183035075990e-01
-4.026833138818914470e+00
-6.094297296761177485e+00
-1.840934426449599570e+01
-7.427856474104968854e+00
-9.804870856487463371e+00
-1.315268208302730280e+01
6.565775628309341805e+00
1.421761237358948105e+00
-8.906410838874114333e+00
6.200718153253955478e+00
-1.167416336312375158e+01
4.680532801273753485e-01
-1.507110648287047461e+01
4.577931268562659639e+00
5.275898184070435093e+00
-6.482867415915695153e-01
2.598070681455433295e+00
-1.410251242205788103e+01
-5.080297955324689418e+00
-1.420368139349409908e+01
-6.633430345244700099e+00
-1.664246935457441623e+01
9.038114909107165529e-01
6.639383271322363278e+00
1.401559830407285823e+00
8.368796838278193206e+00
-2.233653285196044447e+00
6.174111381959841438e+00
-1.470554710599829384e+01
8.242962928328372740e+00
-9.817807724863380159e+00
4.190893419905495243e+00
-6.759386655815078804e+00
-1.619145145536863595e+01
6.186097497476516160e+00
-7.913683855216980589e+00
-1.073098128245201544e+01
-1.089538275567857717e+01
-5.774721965691184344e+00
-2.460895860563454551e+00
3.373380203247892339e+00
-1.074706133111202533e+01
-7.345989193313903876e+00
2.989387414804867582e+00
-9.366937537941092629e+00
-1.356851229917495694e+01
-8.558977657283810103e+00
3.511076301417995094e+00
-5.524393522735027595e+00
-6.696219332892771270e+00
-1.503130250715439509e+01
-1.720230012196617864e+01
-1.110551755047706557e+01
-1.564921277791953180e+01
-1.812915324489692637e+01
-1.091306355087690605e+01
-6.609347727344552226e+00
1.685033018346856704e+00
-1.051578947872722125e+01
-1.190456833238327583e+01
-5.848776577083804717e+00
3.795987099999421854e+00
-9.673442938391957568e+00
-1.243554470446146709e+01
7.298702795305956670e+00
-1.235593308950697811e+01
-8.554346449886837789e+00
-1.185942333621853528e+01
-7.319266943541963499e+00
-2.840905288894799430e+00
-1.518199486790676112e+01
-4.124388724934568984e+00
1.691645965740022906e+00
-1.304668452313395832e+01
-3.700814813457040664e+00
-9.090303439676628017e-02
-2.325146508443621141e+00
-8.291181680490351980e+00
-1.251549360745089956e+01
2.721851338682235610e+00
-6.015593327273832003e+00
-2.281703291765967734e+01
5.634266488700444775e+00
1.590564529631119051e+00
-1.651024330348126057e+01
-5.596237404213705302e-01
-1.674945961177969522e+01
-6.538418866706416921e+00
4.632983599308436951e+00
-1.473018125441510762e+01
-3.216897172116513381e+00
-5.279246618055775109e+00
-1.174263928915171640e+01
9.855512393846970198e+00
-3.538256782573169890e+00
-1.378632659329763399e+01
-5.867483274736234655e+00
-6.287780635429627729e+00
9.829131650547473953e+00
9.417215878593825806e+00
5.313334898129071782e+00
2.489224451668855753e+00
-1.140930496844649866e+01
-1.159293516205731400e+01
4.059216048762100293e+00
2.190988456497662273e+00
9.560115003212418250e-01
-1.002579673920664938e+01
-5.096724790946517203e+00
-1.002151896193708680e+01
-8.861120810881020216e-01
-6.406687859215906222e+00
-1.790386528874912742e+01
7.129390896862999760e+00
-1.218477533103515142e+00
-7.009540639453720523e+00
-9.210895371716942392e+00
-5.475710456023747952e-01
-1.444438963074738780e+01
5.831747495085978450e+00
-3.982946822787577279e+00
-7.425444387471750396e+00
-1.152669317010359507e+01
-7.605521368136985316e+00
-1.837525261795569875e+01
5.736932622954969752e+00
-1.255653779631115086e+01
8.245353571847473972e+00
5.460116518539304131e+00
-1.784185938346274725e+01
-6.410985406926101859e+00
-1.482311356746627062e+01
3.894285843162669902e+00
6.967366797638946174e+00
-3.665496412770056001e+00
-2.329725788716370261e+00
-8.401212966602839671e+00
-2.943502835226895264e+00
-1.101296486054453716e+01
-3.677284993703372251e+00
-1.377733613615222019e+01
-2.082804075540071853e+00
3.132366100415505894e+00
-1.026052840248603104e+01
-9.911810689637292171e+00
-1.314562396296826563e+01
-1.074717743004574011e+01
-1.676102572233821775e+01
-9.213679997586577741e+00
-1.199748828895185859e+01
-9.437753376842660913e+00
-1.217229120020527944e+01
-2.772639613157979799e+00
6.793525297994772671e+00
6.472560252812842307e+00
-1.041352815053373249e+01
-9.379898949833608057e+00
2.014200907457645240e+00
-1.852630102684600999e+01
-1.534036175024582249e+01
-7.761307923774813489e+00
-1.167092263082044745e+01
-9.378421368896807664e+00
6.113557234535456963e+00
3.321279516159718170e+00
-1.125618638265546778e+01
-2.927228570843457778e+00
4.313543806126276969e+00
5.005836780234820260e+00
8.054862362756779248e+00
1.971414115379107823e+00
-1.447214413034376790e+01
5.034959614211198087e+00
7.466260607091071977e-01
4.939923149223500509e+00
-6.041415609346045379e+00
4.501227953503298629e+00
-7.826852071641563491e+00
-1.204095928455326536e+01
-1.022020348371810705e+01
-1.324464675803116265e+01
-2.250108687636795501e+00
-7.294716520895213385e+00
-1.714843680548441718e+00
-1.644895957999139924e+01
-3.681978479920804403e+00
7.018181887697686250e+00
-4.812851776962796535e+00
1.036319943696063506e-01
-3.780774071880278697e+00
6.760761716258798515e+00
-1.088856412159721110e+01
5.706228000471812445e-01
-4.258416261850300089e+00
-4.334668915194853867e+00
-2.994771406723042872e+00
-4.144683784467203758e+00
-7.977067410257621560e+00
-1.204698517395286395e+01
3.771174775052030359e+00
-1.568261070960263481e+01
-1.457092166105989506e+01
-2.002458640255575872e+01
-8.304287122314304881e+00
-6.075266557842165405e+00
7.125144527603280764e+00
-2.302896812879886923e+01
-1.080564767603997289e+01
-6.191075865133272238e+00
2.470483352667722787e+00
-7.893235040073674824e+00
5.043574893184063157e+00
-8.238057746158595762e+00
-1.615073739440484601e+00
-2.621036279329228336e+01
-5.323895811870749561e+00
3.196314354675954483e+00
-1.324035186430856825e+01
6.167447571018858099e+00
7.634809744428967981e+00
-1.264483603530368150e+01
-5.440723814746363907e+00
6.401634132678286626e+00
-2.572998828615139288e+00
-1.614471254111938592e+01
3.652709173044282887e-01
-5.417002948143707641e-01
2.446607960692679384e+00
-5.618068996233905210e+00
3.861741700758289486e+00
-6.781521817317068823e+00
-9.152395893835295837e+00
5.344530523392425181e+00
3.344244379606915896e+00
-4.820523385562818675e+00
-2.644258515430900758e+01
-9.675801597615009797e+00
-1.956911506697643244e+00
-5.348805119127843177e+00
2.248489536655504661e+00
-7.071414833070636341e+00
-4.784956850803260942e+00
-1.385315164737515659e+01
-8.999883002029269718e+00
-1.767173138593759063e+01
-9.960410039534650650e+00
1.685498689895272406e+00
-5.993569456720556410e+00
-9.332108807749606161e-02
-8.655885336852817247e+00
-4.993958059575820840e+00
4.665225845602036792e+00
-1.373517116779883729e+01
-4.418112790152340708e+00
-6.462238204222871651e+00
-1.758601141236045606e+01
-1.128040662646000847e+01
-1.739216475257593331e+01
3.560856654837996960e+00
6.345973972339074010e+00
-1.040529709696966876e+01
4.778756437648456590e+00
-2.455794102921235567e+00
-4.579990650123372475e+00
4.260179753509266476e+00
5.620842757908354415e+00
-9.878727373596790429e+00
8.112968090983693870e+00
-1.451395303252702007e+01
-4.729153172687680318e+00
-1.520113037580733462e+01
4.583656431412285848e+00
-7.953913373145840460e+00
-1.215833027690206158e+01
7.212719602221707049e+00
5.029355988959703261e+00
1.230523744177941303e+00
3.040057036291390791e+00
-8.363202822395001235e+00
5.536822024836480338e+00
-7.620417582127241296e+00
4.452417358004073122e+00
3.802860385570698387e+00
4.587958023820359443e+00
-1.080620514752778938e+01
-2.310136362645084773e+01
-8.924592500008397877e+00
-8.030898028024820334e+00
-7.857213425783176497e+00
-4.881322412330764138e+00
-4.969378007992644619e+00
3.153963565995304030e+00
-9.621912222344622734e+00
-1.179628795823103538e+01
-1.840797220072056106e+01
2.736063311674271858e+00
-1.306090143812354043e+01
-4.529069667830513346e+00
-5.547010348758513842e+00
-6.296605900150869850e+00
-1.554922132969872983e+01
-1.640910846169089155e+01
-1.079554224332156132e+01
1.159323832030950463e+01
-4.271313519230224287e+00
-5.461612422633550956e+00
-9.375532702885889691e+00
-9.264262652514188900e+00
2.269117213680656331e+00
2.970195516360123911e+00
-1.676752641996869997e+01
-1.127296200899872680e+01
-1.075985676555827375e+01
-8.526790093040210294e+00
-4.650434309262353239e+00
-1.714165723357904403e-01
-3.461635987352281951e+00
-1.314352438345230567e+01
-6.789253997226681214e+00
-1.013828161915267678e+01
-1.285460189150378874e+01
5.613014335878194316e+00
-1.544585623287724641e+00
9.347977377556686562e+00
-5.942599602265876690e+00
-2.005978618044001127e+00
5.247801824895484968e-01
-1.548684317079943185e+01
6.624333528451908926e+00
2.503346543511302258e+00
-6.193215790534556398e+00
2.373426803800995799e+00
-1.843703123373082065e+01
-1.803501827862361750e+01
1.149089553019904120e+00
9.192426918760254750e+00
1.685075807053538099e+00
-3.367963241662036200e+00
4.000454897868304549e+00
-9.893759819800324706e+00
-1.950430668802876966e+00
1.390965603118855753e+00
-9.304784473719763582e+00
-1.460348938773688410e+01
2.864639665408316382e+00
-7.974963582253441707e+00
-1.637329203713190040e+01
4.578517507032370482e+00
-9.468604299268301716e+00
-6.432408505095549067e+00
-1.181099633695666107e+01
-1.343647460793775572e+01
6.687885716691357452e+00
4.701472824607166423e+00
-5.105134904943735563e+00
-1.985606802420522854e+01
3.791402435325849307e+00
-1.702868725171562403e+01
5.401133433822522534e+00
4.976104804352972089e+00
-1.207898743775778883e+00
-6.327516438345170968e+00
6.934914565559702204e+00
-5.458628119153384972e+00
-9.817213070263669294e+00
4.805742314635256918e+00
-1.310734549550346451e+01
-2.378403106456461913e+00
-3.672417453097768902e+00
5.513171515490791208e+00
-9.545454153925001961e+00
-2.371676760767556758e+01
9.762351619099439048e+00
3.998916024016607285e+00
-9.946274290173779065e+00
3.078940207853937849e+00
8.187822588661036960e+00
-5.495658494416566509e-01
3.579038612201586478e+00
5.979881422824703918e+00
-7.224605165093247905e+00
8.742497039841802930e+00
-1.710063635204809174e+01
-2.699630823263869495e+00
1.055578065576638913e+01
4.203983036902922521e+00
-6.622185878665236558e+00
-1.824793106095941297e+01
4.890656224858230594e+00
4.388865536892427421e+00
-5.234435801518264597e-01
1.528055457082173163e+00
1.744242111411656637e+00
-4.707072754660170055e+00
-1.714832352258431669e+01
4.614925156605842460e+00
5.356914993935514069e+00
-2.838692681269055385e+00
6.017202865032927228e+00
-4.593378231272965628e+00
-3.581497746086331091e+00
-3.441338016800835398e+00
-1.042407772835212931e+01
-9.850111673204754226e+00
2.487182055231382805e-01
-6.491420805084076484e+00
-1.617186262853006795e+01
-5.749189356973065657e+00
-1.134918888698152273e+01
5.183011698030167480e+00
3.133767494048332658e+00
-1.088566673870550261e+01
-5.678596799829221942e-01
3.977660439139543147e+00
-1.469403271284781987e+00
6.288551910061375594e+00
4.989018374445430837e+00
-2.029036018569746247e+01
5.768369462488344368e+00
5.544581031392913140e+00
-2.083772619405312554e+01
-1.864691109651673528e+01
-1.861002499874231830e+01
6.766065187320243091e+00
9.761682806341059893e-01
8.601885779390551434e+00
-1.717413388120549200e+01
-6.263480884171086949e+00
-5.127166319412409301e+00
2.956846290730523741e+00
-8.399382746913605757e+00
-4.996464096613357775e+00
-1.439200767117195134e+01
-1.442596325686121084e+01
9.174388896812035732e-02
-7.559525826017774008e+00
5.743015805101946647e+00
-3.690685350904653994e+00
-1.022734877115536634e+01
2.778143515780148176e-01
-1.374716293071495521e+01
-3.925394525017514624e+00
-1.244264930832546057e+01
-3.587744635202095633e+00
-3.525982334011615649e+00
-7.804238777459449050e-02
-1.835584807826242582e+01
8.241919331186915443e+00
-1.445158825971451222e+01
-5.922716027422553431e+00
-1.849722973639915935e+01
-1.051426248935124796e+01
-8.819724127184597862e+00
-1.933608525175493753e+01
-9.810925821705449579e+00
-6.015058601207293520e+00
-1.815005707297897430e+01
3.291448217785194252e+00
3.094791518552607812e+00
-5.126297337034126933e+00
2.531743357580470200e+00
4.340892590719564126e+00
-5.208018817428436975e+00
-1.138865276641448077e+01
-1.184375019500207138e+01
-6.375554109893527333e+00
7.767469330199332944e+00
-1.528697003592616177e+01
-1.111064945578016250e+01
-7.760745306838282787e+00
-6.908481994368010248e+00
-2.157489344305480117e+01
5.478413028331305057e+00
-5.096482053928095723e+00
-6.983706872629868556e+00
-8.035733291110899401e+00
-1.148567851134276374e+01
5.991547095295401526e+00
6.107662226413488327e+00
-7.145100666933933198e+00
-7.301562732089988295e+00
-1.593005025805618757e+01
4.318249534309854809e+00
-7.404782910801042561e+00
2.387466456024445183e-01
-9.900966018530066748e+00
-9.558540297889610571e+00
5.959044963345275780e-01
5.826502025706460586e+00
8.374489515665588968e+00
-2.599765381425545918e+00
-2.020364705044561227e+00
-2.314504882323898727e+00
-1.367060742364177983e+01
-3.849578636284890276e+00
5.241683933633877190e-01
-1.846890954653198946e+01
-4.093812841390032098e+00
1.855846560497754538e+00
4.197995722013322606e+00
-5.414890147537927412e+00
-1.344805405725217184e+01
7.390272038578516778e+00
-1.771301872013240697e+01
-1.431420119264677915e+01
-1.179052989340287816e+01
-1.500375337001767306e+01
1.070509364306784228e+00
-5.097085518564671069e+00
-5.901091167843880214e+00
-2.206356752709556091e+01
5.513435586635763386e+00
-6.254673070366658649e+00
-1.038217439963461075e+01
-5.196987746348798787e+00
4.148947423544075086e+00
-6.258406660063118743e+00
-1.593574872377253904e+01
-6.280039778169787645e+00
-1.925318206435082047e+01
-1.433685794729588281e+01
-4.804400820662061200e+00
3.290310749485358510e+00
-9.622282058876535871e+00
-5.863613431199218518e+00
9.043464800796966685e+00
-9.839685429021443497e+00
2.689839165225512030e+00
2.901939267003476708e+00
3.468924449503550722e+00
-9.275060769326612942e+00
-1.570924126971747725e+01
4.649944343933573032e-01
3.471132182035647329e+00
-7.884182678268456534e+00
-9.407485185792355153e+00
-4.734148471616091314e+00
-3.511051396317150353e+00
-1.523257467042512747e+00
3.031892922294042503e+00
4.455631137073311487e-01
-6.465666419872253989e+00
3.019014286294520399e+00
3.891101969082526590e+00
-6.395774124301534691e+00
-1.243262400395523848e+01
-2.684227827122216414e+00
7.706285043924761879e+00
1.785734540116017399e+00
7.351778402748599284e+00
-1.115186581644952213e+01
3.388462666957731351e+00
8.593927541987332219e+00
2.130079767872209651e+00
-6.604424752538544219e+00
-1.228719315441397342e+01
2.231396790195097513e+00
-1.173683538326225317e+01
5.879177691339866563e+00
-1.740861077091587461e+01
6.783255839154707090e+00
-1.055058228410318755e+01
6.925346793646143695e+00
-1.295723744588521686e+00
-1.423899258720931194e+01
-2.161974108937679162e+00
2.250357090149652795e+00
-1.120373496643003719e+01
2.682025034100142147e+00
4.707939927764296151e+00
-1.771934398641443309e+01
-1.067121929182001061e+01
3.632434734907563634e-02
-1.325600260367459704e+01
-1.902704528606028234e+01
4.472988452765177314e+00
-1.327862295795324110e+00
4.139151943853833338e+00
6.155015268060129330e+00
7.907888376512573814e+00
-1.358195151854609151e+01
-1.255371467279586284e+01
-1.916489547048418007e+00
-1.383039305749033332e+00
-9.813187292653044125e+00
-6.955538412911027812e+00
3.557067718487095132e+00
7.302115330905719404e+00
-5.371034210678810261e+00
-3.844461998566505834e+00
-3.034538836011550167e+00
2.600289071036582023e+00
-5.545313551518854744e+00
-2.550377502386204753e+00
3.161334555425785897e+00
2.533770725021900816e+00
-1.843361964222900795e+01
-1.188329690921802317e+01
3.882126542981631179e+00
6.737464993910156963e+00
8.975563333698017843e+00
2.505166408107482923e+00
-4.304330004022978606e+00
-2.114738110229016588e+00
-1.306870073335667115e+01
-8.154213430850033362e+00
-6.391767437197371393e+00
-7.018073623861699417e+00
3.889619694765314772e+00
4.946078329223249526e+00
6.275446511519516823e-01
-3.132221039192337741e+00
-1.913557246216232599e+01
-1.283281334149452313e+01
-6.868039308124491704e+00
-1.002007813156781957e+01
-1.702711240395346337e+01
-1.365189399943679049e+01
6.344653565016074026e+00
-1.924671001399253623e+00
-3.823407207964603316e+00
-9.504840454962126373e+00
-2.836600247711052791e+00
-6.940453408234602328e+00
-1.131206742514702057e+01
5.132370726701928731e+00
-1.568237283602390342e+01
4.705261007222612868e+00
-1.687591817963789875e+00
-1.703581114937898278e+01
4.203703302768989625e-01
2.074622844252686615e+00
-1.164271700921475095e+01
-6.492789218488688618e+00
7.177002152655119760e-01
3.649963933776622316e+00
-6.887102726189865187e+00
-9.305436893180285551e+00
-7.205104172040639021e+00
-1.121911086698890259e+01
5.585258840017498727e+00
-1.733345892788307552e+01
-1.376412733761946328e+01
6.535735102669238294e+00
-7.979731124946476406e+00
-9.753687046161861218e+00
-1.696690079797622985e+01
6.574631686386644525e+00
-9.830092318961098030e+00
-5.650767332788448449e+00
5.122239124031902069e-02
-1.304417760303456042e+01
-1.613647782018032473e+01
5.616669890302883772e+00
4.022687345701151607e+00
-1.373867533568750332e+01
-3.506540924098406453e+00
-1.832538553649485813e+00
5.378379437984915690e+00
-2.802372852824714933e+00
-3.808450245990408156e+00
-2.241053477979773589e+01
3.583781209510377597e+00
-8.372146614803448017e+00
-7.287136513205463295e+00
-8.069380372082886055e+00
3.103601722899569371e+00
4.980886379060297742e+00
4.420286548404110505e+00
-2.270451324935181603e+01
3.240369916986652221e+00
-7.978634876073296134e+00
4.605256681173875322e+00
-2.764509754744848724e+00
-1.239264557876713724e+01
-7.578611002332774405e+00
6.387141118497160264e+00
7.525128868998303133e+00
-1.343867194032397450e+01
6.159845658237547816e+00
2.034917647499059790e+00
5.565323611686386229e+00
-5.760365727368291111e+00
5.348140984792125074e+00
-1.542340687986960290e+01
-1.789725348907749236e+01
-1.411026898392415063e+01
4.548233058474090207e+00
-1.435558147365597170e+00
-1.263913918324684893e+01
-1.214146825553360465e+01
-4.083122797748263366e+00
-1.220065675454026888e+01
-9.710955477245127199e+00
-5.890089673982203955e+00
-1.001919799712281467e+01
6.885825899675207751e+00
-9.654132367875986276e+00
-1.777174876916742718e+01
-7.871654361211549711e-01
1.100592996543618796e+01
-9.436915906761367268e+00
8.667732551877357139e+00
4.281464818696402830e+00
8.100748294410276884e+00
-1.303354836072263101e+00
-7.842667273397727179e+00
-1.767236437219300349e+00
2.019660871886672648e+00
-1.647525121546101801e+01
7.608239070439918095e+00
-7.838077937563289410e+00
-6.388526975959285537e+00
-1.759418382610139631e+01
-1.602633614447900712e+01
-1.699492907968357258e+01
-1.161130108739193112e+01
-1.830205966334401424e+01
-3.691219412386445242e+00
9.109679384448156725e+00
2.538312350731105393e+00
-6.961150684347192197e+00
3.266541986176819012e+00
-7.607130359845325485e-01
-9.845842179084671741e+00
3.607533664215648361e+00
-1.750509787466437217e+01
9.561234399029579833e+00
-1.298370864409060133e+01
-8.497771740395613449e+00
5.633478605829506769e+00
-3.892295206612669478e+00
-1.988164038636959319e+01
-1.515213713747220936e+01
1.917655873382768661e+00
4.959040589797910847e+00
-6.965710577329951469e+00
-5.786293141246117600e+00
-5.417647410694138577e-01
-1.102933443782442957e+01
-1.942569125182554046e+01
4.995018180930029805e-01
9.618269562925478411e+00
5.123434142072291309e+00
-1.088001113125354102e+01
6.978463390250088771e+00
3.008663195712674376e+00
-1.457379505851130830e+01
-2.530310907997762726e+01
-1.472882278208832219e+00
9.731678739638499609e-01
7.169763951553804304e+00
-1.104875623235575333e+01
3.802004697686240053e+00
5.529560342099975934e+00
-4.581719340769710769e+00
-1.650690491994137687e+01
-1.617238827422103498e+01
7.400911151280895162e+00
-2.000240166001484354e+01
-8.001236383174241240e+00
-5.072339845913467649e+00
6.021053987460166290e+00
-1.435762690860811652e+01
3.803935812740513622e+00
3.101875897634279067e+00
-1.152459865516732052e+01
-1.245880192601106451e+01
9.720606930425702785e+00
-8.448060667430608461e+00
-6.964030179923369701e+00
-1.252881963944842703e+01
-5.333985038808610746e+00
3.545050516578660993e+00
-5.864458956800789657e+00
-5.506271261031614905e+00
-2.249791049500775131e+01
5.644992873028582991e+00
-1.128148955228040329e+01
-1.730866169574601088e+01
-1.748821149939717046e+01
5.403381447691599782e+00
-5.767891267346763939e+00
8.831818981597606921e+00
-1.942978334590030798e+01
-9.053633639295762592e+00
7.146258510619077242e+00
-1.746898554481207810e+01
-9.354129921739884779e+00
-7.321384414380530892e+00
-1.244594925978338296e+01
-9.601902436546659203e+00
-1.385583902848640570e+01
3.593212486280042750e+00
-6.308032879008463212e+00
4.153007236964743498e+00
-1.033773753891574998e+01
-1.137561536631789849e+01
3.799928727339255463e+00
6.254824317284080948e+00
-1.229135688951257244e+00
-3.507904316781167431e+00
-1.688518788006487270e+01
-3.486840362263746051e+00
-7.799746245167510139e+00
-1.755717419328415829e+01
-5.083109031190229388e+00
-1.384198515058173662e+01
-7.394390645592133104e+00
-2.797543016453933884e+00
3.352432153617719290e-01
-1.876354707283841705e+01
-1.332191600291794487e+01
-9.420091321275299023e+00
-1.860925557642581296e+01
-1.188514453978935137e+01
6.439398253722946608e-01
-4.084008561704330020e+00
3.772046048485973468e+00
7.446482771689817426e+00
-1.386446635565918584e+01
-1.168552080396673887e+01
-1.605972509930159475e+01
-1.502279771678985476e+01
9.413596079225404978e+00
1.548596511053809355e+00
4.685852083566006243e+00
-1.458307234918921758e+01
-6.326290560650249084e+00
5.887462366636051492e+00
-1.307282966271825764e+01
-2.596164076314239733e+00
6.393486459812029565e+00
-1.117508662598113389e+01
-1.195969722136254187e+00
-1.508222692390945419e+00
-9.987529492848477020e-01
-1.417818860615612486e+01
4.917398111290762763e+00
8.670344652193371360e+00
3.943934517662594619e+00
-7.706234973688392387e+00
5.283473838290522195e+00
-1.200105924504552313e+01
-6.061472453960704776e+00
6.417128581727122416e+00
3.184744029257424724e+00
-1.633422454449588201e+01
3.549506224366628881e+00
-3.313019852672528742e+00
-3.844491988715611486e-01
-8.009068381879895782e+00
-7.934911717744840942e+00
3.374295314520817435e+00
-1.028276921464975580e+01
-9.182934697957575665e+00
5.161593275078781851e+00
3.521130900059544988e+00
-1.579534203318149865e+00
8.442676283681365135e+00
-9.684684750048424107e+00
4.754572232350704475e+00
-3.442526201381803208e+00
-1.782220194931905510e+01
-1.190359878920220815e+01
-1.327232835035301228e+01
-1.071767315222726502e+01
7.611691237694143686e-01
-5.854714036742722172e+00
-5.289925417837699761e-01
7.389475113079704727e+00
-2.183195014851403570e+01
